# Steps Temp KinEng PotEng Epair Ebond Eangle Bonds
301000000 313.31769880857814314 6536.6498776149264813 -3114.6220629528525023 -5084.4476446058724832 -2101.828870327930872 4071.6544519809503981 7290
302000000 311.04557796875980102 6489.2473259365460763 -3066.1174858811891681 -4965.8789129953584052 -2149.5668922354279857 4049.3283193495963133 7290
303000000 309.17434007059165424 6450.2082706116761983 -3209.2742639479797617 -5116.3760114994456671 -2136.110660659941459 4043.2124082114064549 7290
304000000 306.8734462163789658 6402.2054364668574635 -3126.1202696316213405 -5033.9276717736393039 -2105.2672216392547853 4013.0746237812736581 7289
305000000 311.19651665638355098 6492.3963129160083554 -3052.1943463214320218 -5040.2369853888176294 -2081.0066876175128527 4069.0493266848970961 7289
306000000 309.4470990485905304 6455.8987564889002897 -3266.1951733921487175 -5194.7399300088918608 -2104.8699453547233134 4033.4147019714664566 7290
307000000 310.69480493351721861 6481.9292570032948788 -3216.7317350422244999 -5115.0981927846496546 -2110.4012342310666099 4008.7676919734917647 7290
308000000 310.72381060718373647 6482.5343933678959729 -3368.8896569025555436 -5197.5686999845584069 -2173.2086124793886484 4001.8876555613915116 7290
309000000 315.38952656452670453 6579.873776867532797 -3183.9778116670909185 -5120.6495960356623982 -2142.7332031116020516 4079.4049874801739861 7290
310000000 305.80175698453660971 6379.8471167396228338 -3135.767148449058368 -5084.8523068832291756 -2115.0682835386342049 4064.1534419728050125 7290
311000000 309.29230173434689277 6452.6692681802169318 -3141.1548695355486416 -4974.9535892751955544 -2106.7271201324260801 3940.5258398720734476 7290
312000000 308.46798373298872775 6435.4717776356901595 -3211.8109475800820292 -5118.8906950884884282 -2133.0135490206148461 4040.0932965290221546 7290
313000000 311.26421092696182313 6493.8085974667164919 -3089.420223063110825 -5100.87273325550359 -2097.1655701028489602 4108.61808029524218 7290
314000000 307.59060258741942562 6417.1672471874717303 -2991.2429830395858517 -4994.890228113561534 -2072.327080752830625 4075.9743258268063073 7290
315000000 307.2097933730435102 6409.2225427739949737 -3179.3609527348485244 -5166.701179853602298 -2069.8254265144464625 4057.1656536332002361 7290
316000000 309.2188721473806936 6451.1373295042949394 -3189.1148224926250805 -5082.0879809850812308 -2141.8677774440016037 4034.8409359364568445 7290
317000000 310.21396381686787436 6471.8976180685958752 -2965.8255149985916432 -5017.6291133631266348 -2081.9937953921462395 4133.797393756681231 7291
318000000 315.86443979806313109 6589.7817442172172377 -3110.1836416532983094 -4938.4067057246211334 -2169.7492999779392449 3997.9723640492625236 7291
319000000 303.95475359586885133 6341.3136584626117838 -3036.249830265836863 -5021.9421999926980789 -2041.4728996530025142 4027.1652693798637301 7291
320000000 310.93375116469451314 6486.9143180410874265 -2993.7164768766183442 -4975.5707778849591705 -2083.6008428972900219 4065.4551439056308482 7291
321000000 310.40710615264902117 6475.9270866570195722 -3136.1247390617045312 -5085.1630186686206798 -2130.3500029711549359 4079.3882825780710846 7291
322000000 313.61388855283729526 6542.8291922943226382 -3128.605485005961782 -5046.1298495097644263 -2132.3820671404009772 4049.906431644204531 7291
323000000 306.50103672034515512 6394.4359727693745299 -3017.6629682030329604 -5004.5654562329909822 -2106.4823272846533655 4093.384815314611842 7291
324000000 306.81103504981734886 6400.9033716750564054 -2997.9516545925898754 -5069.3545599904864503 -2011.3550116856627028 4082.7579170835597324 7291
325000000 307.01461455467790529 6405.1505876816590899 -3079.3788375815652216 -5061.4326260147918219 -2053.8519063169919718 4035.9056947502190269 7291
326000000 309.80890546881340697 6463.4470115075710055 -3183.4806954283867526 -5086.999657029197806 -2156.0479255983705116 4059.5668871991811102 7291
327000000 303.93637511264125806 6340.9302338728193718 -2985.4438043256336641 -5013.2562127921919455 -2062.5115271432723603 4090.3239356098310964 7291
328000000 311.19270530632798 6492.3167979030704373 -3142.9515619995318048 -5061.3135134338908756 -2107.0723054623863391 4025.4342568967449552 7291
329000000 309.17196469763734967 6450.1587139431885589 -3168.7397438482021244 -5119.1569863730073848 -2084.382687386235375 4034.7999299110406355 7291
330000000 309.80987904003495714 6463.4673228217116048 -3170.6670025593493847 -4996.4504462596714802 -2163.8004106152593522 3989.5838543155814477 7291
331000000 310.03171549881079727 6468.0954279897932793 -3098.619392290779615 -5030.7243691865478468 -2095.086327433094084 4027.1913043288623157 7291
332000000 312.04291992089753194 6510.0545614491638844 -2863.78428549068758 -4900.3634093368800677 -2082.4597345603406211 4119.0388584065331088 7291
333000000 312.06084288982157204 6510.4284827854598916 -3174.5858889185119551 -5160.209262616102933 -2090.6668564377168877 4076.2902301353083203 7291
334000000 307.13799626995944436 6407.724662102484217 -3186.3050604115687747 -5074.9230363297920121 -2169.745750143670648 4058.3637260618934306 7291
335000000 301.20299520318383202 6283.9045774270725815 -3106.0997157995539055 -5090.2646627448903018 -2074.2764985763951699 4058.4414455217324758 7291
336000000 308.11049247017899688 6428.0135484064458069 -3139.0351595750107663 -5121.4047372879140312 -2105.4813256488055231 4087.8509033617083333 7291
337000000 312.36949951646880663 6516.8678901616494841 -3052.3462499479246617 -5095.4207067419065424 -2085.3188239255914596 4128.3932807195733403 7291
338000000 305.89291160398704505 6381.7488472653494682 -2974.957172064871429 -5036.4153366398604703 -2070.4869954317200609 4131.9451600067095569 7291
339000000 310.28875768904094912 6473.4580194032341751 -3155.9362318624980617 -5182.4649455168255372 -2096.6802734550865353 4123.2089871094131013 7291
340000000 305.14450030804260905 6366.1349747498688885 -3186.4223216926779969 -5125.0801507355645299 -2150.6138183531138566 4089.2716473960008443 7291
341000000 307.89243109792437281 6423.4642016964417053 -3161.5604798843605749 -4990.0091643481500796 -2133.923606641207698 3962.3722911049972026 7291
342000000 311.46779426633514731 6498.0558934715681971 -3149.7516282501806018 -5110.3751648542065595 -2125.5879830658773244 4086.2115196699032822 7291
343000000 308.39925294432123337 6434.0378685298837809 -3042.2184151277656383 -5074.8625550913138795 -2099.1931678607397771 4131.8373078242875636 7291
344000000 315.00697380380734103 6571.8926973879943034 -3104.3666569236688701 -5064.3385393988874057 -2102.9494694670729587 4062.9213519422919489 7291
345000000 309.03397301453338741 6447.2798362994954005 -2976.8192899221917287 -5031.3030124575761874 -2108.3532534279265747 4162.8369759633105787 7291
346000000 310.05273110274009696 6468.5338700100646747 -3046.5988622426875736 -5091.0862311675236924 -2094.0713153810979748 4138.5586843059336388 7291
347000000 310.81750880531774328 6484.4891897860188692 -3232.8752941305929198 -5090.6608828141370395 -2155.4894543532673197 4013.2750430368118941 7291
348000000 309.71968633854140762 6461.585660491681665 -3093.4606378907233193 -5042.5432072407929809 -2151.0524608295568214 4100.1350301796255735 7291
349000000 307.8367850385075144 6422.3032752347062342 -3148.1732552035864501 -5076.6250580190453547 -2144.6265935397268549 4073.0783963551857596 7291
350000000 307.57418528682325132 6416.8247381420496822 -3136.0709662315762216 -5071.9067553611503172 -2073.231254530508977 4009.0670436600830726 7291
351000000 315.60297903934963415 6584.3269695812978171 -2958.7657069890237835 -4944.6902701489652827 -2057.1197824395758289 4043.0443455995168733 7291
352000000 305.54093148519712031 6374.4055953228007638 -3178.4939867042312471 -5087.6164965468697119 -2116.3017375303616063 4025.4242473730000711 7291
353000000 307.91366404139068891 6423.9071780039994337 -3063.8794889795126437 -5004.7286531043928335 -2071.9401264740772604 4012.7892905989574501 7291
354000000 311.15204910107524938 6491.4686001150103039 -3125.9065658340659866 -5125.2541393862684345 -2092.6031682161510616 4091.9507417683530548 7291
355000000 309.71480451495892794 6461.483812521892105 -3069.913283773650619 -5062.6855981684802828 -2134.2868779073678525 4127.0591923021984258 7291
356000000 309.01876117639710628 6446.9624764431264339 -3123.402872286474576 -5058.4424984721954388 -2118.7435967223818807 4053.7832229081031983 7291
357000000 305.15914272574372035 6366.4404549644814324 -3203.0743908226486383 -5081.8157217336311078 -2140.5243459430648727 4019.265676854047797 7291
358000000 314.13072695160690273 6553.6118313501783632 -3140.0972130852860573 -5110.678450814799362 -2076.8438535629666148 4047.4250912924799195 7291
359000000 309.56718370772279059 6458.4040454508876792 -3041.6514965146325267 -4958.1068768924869801 -2094.5210734534234689 4010.9764538312779223 7291
360000000 308.29784555381888822 6431.9222376247771535 -3045.2899227943380538 -5025.4202357495614706 -2074.470011412086933 4054.6003243673094403 7291
361000000 309.74823117280271845 6462.181182506845289 -3026.5020693547039627 -5006.8333364681830062 -2072.0202368014461172 4052.3515039149251606 7291
362000000 307.3496299969411325 6412.1399108446858008 -3067.4705507870585279 -5031.3346096538134589 -2072.3247810650127576 4036.1888399317672338 7291
363000000 314.51317893014089577 6561.5908082422720327 -3119.5201027589509977 -5096.6205915075533994 -2123.4093999125675509 4100.5098886611704074 7291
364000000 307.46873779499725288 6414.6248198573175614 -3138.4677333142726638 -5055.7493879891808319 -2107.0922479261016633 4024.3739026010107409 7291
365000000 313.96917643001734177 6550.2414529732377559 -3049.2583272693027538 -5120.7428830743810977 -2079.6993220324352478 4151.1838778375131369 7291
366000000 310.65448094162280768 6481.0879900793897832 -3100.6944929438905092 -5095.7859475223667687 -2090.9320962177080219 4086.0235507961829171 7291
367000000 313.08990258388359962 6531.8974357007518847 -3080.3512514088251919 -5078.2881294925246038 -2082.5065839400913319 4080.4434620237907438 7291
368000000 310.90993663095031252 6486.4174828170434921 -3229.580694900092567 -5141.7640988417788321 -2167.3935579038184187 4079.5769618455055934 7291
369000000 308.23229550550280464 6430.5546873174298526 -3156.7267496804988696 -5137.3086386183604191 -2082.2187537613699533 4062.8006426992324123 7291
370000000 309.33567916589572633 6453.5742380676610992 -3177.9114193947566491 -5080.226012077755513 -2170.3454387365277398 4072.6600314195252395 7291
371000000 304.91888227289132374 6361.4279757278945908 -3190.1697510630278884 -5094.8834301499828143 -2109.8504835163657845 4014.5641626033193461 7291
372000000 311.90124524335828937 6507.0988466359895028 -3190.6721647149529417 -5134.3370828710012574 -2121.09251500256687 4064.7574331586156404 7291
373000000 303.72120778062833324 6336.4412646258942914 -3233.1741668714576008 -5097.1025561955220837 -2125.6113840922726013 3989.5397734163379937 7291
374000000 311.57657121105080478 6500.3252730982749199 -3157.9569174025596112 -5109.2077192934575578 -2090.5098466329309304 4041.7606485238293317 7291
375000000 309.40989488797265494 6455.1225776363353361 -3116.3007819578974704 -5052.4524701619193365 -2144.9247382198368541 4081.0764264238578107 7291
376000000 313.31392886784175289 6536.57122651175996 -3064.3218790480832467 -5091.0643051106217172 -2055.7893251593077366 4082.5317512218457523 7291
377000000 309.90009727135969797 6465.3495177726827023 -3265.7000556100938411 -5141.6045766376373649 -2133.744880051729524 4009.6494010792721383 7291
378000000 310.27537142352724686 6473.1787459017223227 -3004.8330568653955197 -5118.2262024475057842 -2055.3574360845068441 4168.7505816666180181 7291
379000000 309.91867453132579158 6465.7370893798579345 -3221.1651160125088609 -5091.3668203125453147 -2143.779335377391817 4013.9810396774282708 7291
380000000 309.84987647219526252 6464.3017768312665794 -3130.7473380864639694 -5148.1635104610395501 -2059.9362301510059297 4077.3524025255819652 7291
381000000 309.11929812148395058 6449.0599475157678171 -3109.5483583453451502 -5040.1425607068258614 -2108.7856649717978144 4039.3798673332776161 7291
382000000 309.11986113558447187 6449.0716935041536999 -3314.8619277120424158 -5159.9765714127133833 -2113.1801616020529764 3958.2948053027243986 7291
383000000 307.36934176234632332 6412.5511512866187331 -3304.0099790947215297 -5156.4227821054337255 -2214.6938332109580188 4067.1066362216706693 7291
384000000 309.77012417662251664 6462.6379294486341678 -3091.5246630043993719 -5019.4891518733984412 -2105.5078750842330919 4033.4723639532321613 7291
385000000 309.52905667923101873 6457.6086130923831661 -3088.3066398800133356 -5065.7533824960937636 -2135.159651538680464 4112.606394154760892 7291
386000000 316.44273167717278739 6601.8464681545565327 -2991.6073110768284096 -5030.5050343571019766 -2010.5120999708246927 4049.409823251097805 7291
387000000 308.79326034428225967 6442.2579225917133954 -2981.3752451003651913 -4993.3567837486598364 -2061.7270845324260335 4073.7086231807202239 7291
388000000 309.98844797173956067 6467.1927510053446895 -3207.4923353582735217 -5087.5804538927459362 -2168.2292970148364475 4048.3174155493093167 7291
389000000 311.04872675705365737 6489.3130181291480767 -3114.8276200775762845 -5009.3782521971152164 -2149.6742428816983193 4044.2248750012386154 7291
390000000 309.27408601874782335 6452.2892393609263308 -3045.0806246577949423 -5018.5592159361058293 -2113.6268298074724044 4087.1054210857842008 7291
391000000 307.92623755099117488 6424.1694952312218447 -3043.7359694791330185 -5061.6536193529427692 -2123.7837427556778493 4141.7013926294876001 7291
392000000 305.72776918601169882 6378.3035322692530826 -3181.4930917444717124 -5067.0185616554690569 -2128.5138040710344285 4014.0392739820313182 7291
393000000 309.13960802595119048 6449.4836667472536647 -3106.7955953415871591 -5113.3653808723156544 -2076.5477491890069359 4083.1175347197354313 7291
394000000 308.93237816815087626 6445.1602945605582136 -3153.2845638780217996 -5063.9899048284833043 -2153.3006225088456631 4064.0059634593071678 7291
395000000 313.24928647694395067 6535.2226123793388979 -3096.4843480804629507 -5068.9484750786459699 -2077.4604539047818434 4049.9245809029644079 7291
396000000 311.66464735954434673 6502.1627784401707686 -3158.402982663410512 -5052.944150146575339 -2142.2945443292019263 4036.8357118123662985 7291
397000000 315.23469212092857106 6576.6435139406539747 -3072.8121549007059912 -5001.3562473708916514 -2099.3767517741821393 4027.9208442443668901 7291
398000000 313.09841991400440975 6532.0751301147720369 -3098.6805289943877142 -5086.2029809649229719 -2123.7959195800135603 4111.3183715505483633 7291
399000000 310.8130298096128854 6484.3957458891773058 -3055.1346958754620573 -5041.6715283357807493 -2067.9149103970771648 4054.4517428573944926 7291
400000000 306.26469867745373676 6389.5053255540515238 -3116.1184520598167182 -5125.7941884248903079 -2065.2526139422584492 4074.9283503073311294 7291
