# Steps Temp KinEng PotEng Epair Ebond Eangle Bonds
301000000 311.1375212744280816 6491.1655105779800579 -3135.7363463089332072 -5175.4815992233925499 -2070.3328108617361067 4110.078063776196359 7290
302000000 315.89136239345600643 6590.3434219665086857 -3228.3561204211373479 -5142.2270425522383448 -2075.214531111805627 3989.0854532429066239 7290
303000000 306.94136688465493989 6403.6224442824450307 -3131.1504845270460464 -5084.0268567276825706 -2123.8417619244937669 4076.7181341251307458 7290
304000000 315.15252006802290907 6574.9291839120232908 -3018.5496215208913782 -5072.9374402587700388 -2036.1924127235984088 4090.5802314614766146 7290
305000000 306.2392031329254678 6388.9734199239064765 -3098.8773010591844468 -5091.3777741765097744 -2136.2411453491840803 4128.7416184665089531 7290
306000000 303.82942723580129041 6338.6990135213500253 -3232.3797774685695003 -5145.4181527532637119 -2156.6222804216813529 4069.6606557063751097 7290
307000000 311.00471797682985198 6488.3948766103067101 -3075.2314497288425628 -5098.286486514733042 -2056.8703200275631389 4079.9253568134536181 7290
308000000 308.63517500739442312 6438.959837287404298 -3006.3057168588516106 -5114.6923836272435437 -2058.117146259708079 4166.5038130280991027 7290
309000000 312.76410805477638633 6525.1004855861738179 -3102.447738297622891 -5059.4532328236609828 -2153.9078580758323369 4110.9133526018704288 7290
310000000 316.35215681079534988 6599.9568328372015458 -3041.7529641259407072 -5031.7606424491750658 -2114.5448361231583476 4104.5525144463927063 7290
311000000 311.63688675924925064 6501.5836176547709329 -3036.9933724263028125 -5016.371003650032435 -2135.2695420572222247 4114.6471732809523019 7290
312000000 313.57455984764317236 6542.0086897278497418 -2914.8134178216314467 -4997.8128689949789987 -2012.0999183728647495 4095.0993695462129836 7290
313000000 316.91515663623403043 6611.702523406374894 -3065.4204176482176081 -5080.6110250043129781 -2113.7895106544360715 4128.9801180105314415 7290
314000000 310.44530554121109844 6476.7240286412061323 -3156.5039125768707891 -5122.5076800862716482 -2053.5843710973390444 4019.588138606738994 7290
315000000 304.91461674906526014 6361.3389854285860565 -3020.6903696795898213 -5054.4160602256561106 -2037.7108343730637898 4071.4365249191300791 7290
316000000 308.81907011331190915 6442.7963837900770159 -3197.0219857826882617 -5110.1842753787150286 -2133.6678089435395123 4046.830098539566734 7290
317000000 312.5632931466183777 6520.9109465022802397 -3220.5006383556738001 -5162.8191174523144582 -2075.8739810524148197 4018.1924601490554778 7290
318000000 308.09163698277723142 6427.6201722266578145 -2997.7291186180509612 -4991.9386696744822984 -2074.0093063715489734 4068.2188574279807654 7290
319000000 312.54226528344366898 6520.4722487211774933 -3159.208119693406843 -5068.9571438968287111 -2136.1216299648676795 4045.8706541682895477 7290
320000000 310.08280929488682887 6469.1613819947451702 -3056.6905953271998442 -5021.0747708962744582 -2024.5607790400933936 3988.9449546091673255 7290
321000000 311.57442346171552572 6500.280465270683635 -3092.750769038238559 -5107.7716721035667433 -2074.8849413275274856 4089.9058443928552151 7290
322000000 307.38986515486413964 6412.9793244530237644 -3183.1119944543393103 -5121.8084053489965299 -2098.5684005399643866 4037.2648114346220609 7290
323000000 310.13158694346731181 6470.1790149335683964 -3178.7692062608657579 -5046.4557362813375221 -2164.9119416799089777 4032.5984717003811966 7290
324000000 306.07977566400285241 6385.6473341356340825 -3054.4629362668270005 -5089.5287014143996203 -2082.7236870285546502 4117.7894521761272699 7290
325000000 309.86487718760110965 6464.6147320996560666 -3008.9028119807981057 -5110.7574436102459003 -2035.6681693930377151 4137.5228010224855097 7290
326000000 306.91352619231986409 6403.0416125616811769 -3181.5147946796460019 -5114.9115417202865501 -2100.5425564825204674 4033.9393035231614704 7290
327000000 314.03305918751641457 6551.5742191098970579 -3194.7628781733828873 -5166.5853733774056309 -2102.0461030290207418 4073.8685982330430306 7290
328000000 312.38015528651465047 6517.0901981839251675 -3221.3026669496803152 -5163.4913527993903699 -2111.1368172162733572 4053.3255030659834119 7291
329000000 306.96251508134685082 6404.0636525443578648 -3135.3623257267881854 -5076.5655970617171988 -2138.8842155689726496 4080.0874869039021178 7291
330000000 304.82143031751837725 6359.3948658378876644 -3216.0719327513729695 -5156.7007627751227119 -2101.2175582842592121 4041.8463883080089545 7291
331000000 309.32657556907935259 6453.3843125535840954 -3041.1030377610995856 -5077.5761931567385545 -2091.0178119993488508 4127.4909673949878197 7291
332000000 306.50400718695158275 6394.4979446919733164 -3159.5255105023193209 -5097.1005526493918296 -2099.4481450994398983 4037.0231872465128617 7291
333000000 308.03749006512350661 6426.4905218941030398 -3184.9246424373495756 -5130.8433200095623761 -2123.9055381107746143 4069.8242156829874148 7291
334000000 308.70751976639411396 6440.469143534257455 -3003.361369451417886 -5027.3679810578141769 -2073.0686139392810219 4097.0752255456773128 7291
335000000 311.46207992874599313 6497.9366770205188004 -3155.9455413130499437 -4995.9844553262673799 -2108.8610292252737963 3948.8999432384916872 7291
336000000 312.36410392801946045 6516.75532367494543 -3125.2826180983192899 -5045.05746248106243 -2150.4993181048125734 4070.2741624875557136 7291
337000000 308.96812955558425529 6445.9061646572035897 -3149.2959829856345095 -5089.7470326557331646 -2109.0328894039512306 4049.4839390740494309 7291
338000000 313.15885866843183294 6533.3360450845721061 -3167.8522038835417334 -5083.0390624228239176 -2172.2969212481530121 4087.4837797874351963 7291
339000000 305.9683371945902195 6383.3224279454707357 -3223.0222059426901069 -5146.0800378312342218 -2108.9251102318576159 4031.9829421204021855 7291
340000000 309.16866889251394923 6450.089954584114821 -3122.8646662011160515 -5111.0731397322451812 -2099.6841725975718873 4087.8926461287005623 7291
341000000 308.15681007296427651 6428.9798581735894913 -3136.265360405802312 -5178.3646045687455626 -2103.7757345479585638 4145.8749787109018143 7291
342000000 315.92040858870706188 6590.9494037203485277 -3165.5200321189659007 -5055.0242217325103411 -2139.2253875149126543 4028.7295771284570947 7291
343000000 309.19434429071617387 6450.6256124456222096 -3191.3526028510564174 -5185.6935176288816365 -2072.3614830207434352 4066.7023977985686543 7291
344000000 307.75078552426839451 6420.5090940685495298 -3092.9660131741593432 -5029.9406704652064946 -2119.2310801028725109 4056.2057373939196623 7291
345000000 309.29856512345526198 6452.79993932265279 -3090.7447729077593976 -5056.5570031108982221 -2092.6459725843387787 4058.4582027874766936 7290
346000000 312.40314717705570047 6517.569870858219474 -3243.5688939054880393 -5257.0881481921860541 -2108.8140915805543045 4122.3333458672523193 7291
347000000 311.74281273152075755 6503.7935183284889717 -3104.3044810066367063 -4993.4681538453032772 -2122.4724392722046105 4011.6361121108711814 7292
348000000 316.44647945624438989 6601.9246569057913803 -3225.19905465676311 -5032.3728252155715381 -2129.785755382876232 3936.9595259416846602 7292
349000000 305.28434238221262831 6369.0524565279010858 -3171.4531767831226716 -5052.9897385719723388 -2138.4626996066836 4019.9992613955332672 7292
350000000 303.51877069427013112 6332.2178825418313863 -3267.9426019396642005 -5048.5167510891005804 -2175.0071672252261124 3955.5813163746620376 7292
351000000 311.53676343640728419 6499.4947758546113619 -3165.4767612350069612 -5076.3854204370154548 -2123.2744914392696955 4034.1831506412781891 7292
352000000 312.3031980384569124 6515.4846630098472815 -3082.3263724752155213 -5047.514884264788634 -2073.3066840652095379 4038.4951958547826507 7292
353000000 310.11729647599503323 6469.880877347313799 -3094.1962073199729275 -5054.4491812776923325 -2141.4936854317993493 4101.7466593895187543 7292
354000000 308.46021745158714111 6435.3097521179288378 -3145.2813998340980106 -5100.8284487011360397 -2104.9883666769746924 4060.5354155440122668 7292
355000000 304.46092977177733019 6351.873854873109849 -3034.174489156958316 -5005.4015686859011112 -2100.4313562878264747 4071.6584358167688151 7292
356000000 311.07081379790520259 6489.7738132052900255 -3134.5331212629562287 -5024.5721823270723689 -2095.3423852844521207 3985.3814463485687156 7292
357000000 310.49346533240873214 6477.7287714132708061 -3090.7205824589782424 -5063.5425645323057324 -2100.4271905222531132 4073.249172595581058 7292
358000000 317.46723426430116888 6623.2203475626911313 -2973.031403906709329 -4991.4302405834296223 -2063.4272645097034911 4081.8261011864246939 7292
359000000 309.07901133130303606 6448.2194567196629578 -3140.4116394513876003 -5085.5492961155687226 -2139.1697936414975629 4084.30745030567914 7292
360000000 309.40291938475166944 6454.9770498782509094 -3080.9747917306403906 -5092.529929012296634 -2076.3357288039255764 4087.8908660855822745 7292
361000000 304.01091070420466167 6342.4852467792834432 -3110.0403203230671352 -5087.7352051440457217 -2090.6703110219154951 4068.3651958428945363 7292
362000000 312.1973718417880832 6513.2768439235524056 -3127.8176689918727789 -5071.9092977685031656 -2161.8038913187492653 4105.8955200953805615 7292
363000000 303.68413078430592122 6335.6677387625459232 -3103.5633963601194409 -5144.3609460583575128 -2115.0442746768057987 4155.841824375042961 7292
364000000 312.68673628054415303 6523.486302281211465 -3185.9671549569798117 -5099.575951522012474 -2160.8157931602249846 4074.4245897252585564 7292
365000000 312.41320207628871231 6517.7796430992730166 -3018.7931042733521281 -5053.3476863072346532 -2061.5006069260070944 4096.0551889598900743 7292
366000000 309.27840936213686973 6452.379435931826265 -3106.6031980009593099 -4979.3617084111647273 -2208.6588100590993236 4081.4173204693051957 7292
367000000 309.31616638797521546 6453.1671490398430251 -3161.6057916826025576 -5086.0870407766105927 -2165.6199960733288208 4090.101245167336856 7292
368000000 309.00086075613438652 6446.5890255325502949 -3055.6030586940605644 -5096.2075938952257275 -2058.4711760187078653 4099.0757112198734831 7292
369000000 311.75013285764748616 6503.9462358472637789 -3202.2505184780579839 -5225.1626951475209353 -2121.8089883600305257 4144.7211650294939318 7292
370000000 314.12495684291013731 6553.491451363825945 -3119.6272259389043029 -5131.5581268212326904 -2085.2260725648488915 4097.1569734471777338 7292
371000000 305.85912455406992194 6381.0439585324575091 -3035.2598855261585413 -4982.3860389362380374 -2116.2581549006090427 4063.384308310688084 7292
372000000 313.09365369003239721 6531.9756938637656276 -3129.0652605833497546 -5015.2590105596209469 -2135.1209040218273003 4021.3146539980989473 7292
373000000 307.2018805818233318 6409.0574606673735616 -3232.1102162073075306 -5105.9132069457828038 -2148.3234744917408534 4022.1264652302152172 7292
374000000 310.41226654230604254 6476.034746264338537 -3110.6111065893474006 -5060.4952401692316926 -2121.5190291738326778 4071.4031627537169697 7292
375000000 314.41831540367559228 6559.6116999409614436 -3112.8124922427014099 -5104.7784851180840633 -2088.1860708126832833 4080.152063688065482 7292
376000000 306.83375755278967745 6401.377424200139103 -3135.5872186059582418 -5036.685918421558199 -2108.920833251516342 4010.0195330671158445 7292
377000000 307.89427681281222249 6423.5027082731267001 -3113.5807119629071167 -5013.933477140195464 -2174.8562131757626048 4075.2089783530500426 7292
378000000 314.48030229866344598 6560.9049132866393848 -3139.685670403570839 -5140.1239538642012121 -2084.6610250877661201 4085.0993085483964933 7292
379000000 310.11277164393402472 6469.7864771808044679 -3125.6346009416356537 -5075.8178303871445678 -2135.7961158422704102 4085.9793452877802338 7292
380000000 312.32253849300309412 6515.8881569086061063 -3266.2122703391091818 -5162.7912875474330576 -2175.8186995889736863 4072.3977167972971074 7292
381000000 308.58999340568351499 6438.0172275579916459 -3031.3233874174470657 -5021.2952694498699202 -2174.5204113775375845 4164.4922934099613485 7292
382000000 312.23432235413827129 6514.0477309910556869 -3074.7716520726635281 -5066.4103144515011081 -2049.1399248757102214 4040.7785872545473467 7292
383000000 311.9139309674191054 6507.3635049586600871 -3043.6383096404197204 -5068.5030433117481152 -2059.4152651893946313 4084.2799988607225714 7292
384000000 310.24683161987991298 6472.583328838696616 -3104.0358701047416616 -5150.2875442071281213 -2135.0990065962269 4181.3506806986133597 7292
385000000 307.67981703048729969 6419.0285004156767172 -3015.7174606850985583 -4979.6223891072677361 -2088.4328004552498896 4052.3377288774190674 7292
386000000 305.14034022834459847 6366.048184298668275 -3126.9079892873032804 -5067.5166027599889276 -2143.4702263238214073 4084.0788397965065997 7292
387000000 310.88151508942382861 6485.8245330199297314 -3182.2817918595624178 -5095.7148378762849461 -2130.8492203021273781 4044.2822663188499064 7292
388000000 311.2172680697111673 6492.8292432097778146 -2991.8892089387859414 -4958.2083897284110208 -2110.1352454390648745 4076.4544262286894991 7292
389000000 309.90358822902254587 6465.4223485386000903 -3184.865551964383485 -4988.5806364788695646 -2209.1161715822186125 4012.8312560967051468 7292
390000000 305.85734205102977512 6381.0067707249272644 -3091.0624680853106838 -5018.1024557232185543 -2187.5485080303069481 4114.5884956682148186 7292
391000000 312.52138858184747505 6520.0367045771581616 -3225.1635584945206574 -5147.1507559108085843 -2136.5459030610268201 4058.5331004773138375 7292
392000000 306.60694587891083529 6396.6455226639682223 -3117.8641443537526357 -5082.4377107597092618 -2143.5555690187056825 4108.1291354246623087 7292
393000000 300.54923482437743587 6270.2653776105144061 -3177.6939302197683901 -5112.3151993167784894 -2143.6630976618657769 4078.2843667588758763 7292
394000000 311.95967630640160451 6508.3178757637515446 -3157.0720519504056938 -5110.2847145056985028 -2125.8983260170689391 4079.1109885723617481 7292
395000000 314.18919367023784162 6554.8316043493950929 -3099.3997015728609767 -5011.0847902570440056 -2111.6969461539647455 4023.3820348381486838 7292
396000000 308.50191557537817744 6436.1796871289798219 -3078.0778269920674575 -5060.1179956718988251 -2127.3916641628466095 4109.4318328426779772 7292
397000000 310.21563748582343578 6471.9325353044087024 -3087.7124144494127904 -5111.268489658672479 -2107.332516525601477 4130.8885917348607109 7292
398000000 308.72328564720908162 6440.798062211024444 -3116.3272092129909652 -5183.9091877137070696 -2048.0755250141478427 4115.6575035148634925 7292
399000000 309.09683632548865262 6448.5913340394081388 -3148.4581030730028033 -5120.1977376305367216 -2100.2061938614315295 4071.9458284189654478 7292
400000000 305.29415041317406576 6369.2570784328472655 -3172.0928728464391497 -5021.0607544426065942 -2070.9727691950483859 3919.9406507912153756 7292
