# Steps Temp KinEng PotEng Epair Ebond Eangle Bonds
301000000 312.10149709230455528 6511.2766387903566283 -3167.3505990065482365 -5060.7085788148633583 -2116.5189723877024335 4009.8769521960175553 7290
302000000 310.83511791451911677 6484.8565631643623419 -3122.5696168935673995 -5076.8895092497696169 -2119.1078998993257301 4073.4277922555288569 7290
303000000 310.9844198277331202 6487.9714026274659773 -3177.0236537856544601 -5057.3938621308770962 -2123.1768664767269001 4003.5470748219495363 7290
304000000 307.29483136929900411 6410.9966640889724658 -3214.497011252034099 -5067.2581220030924669 -2174.7653208298061145 4027.5264315808635729 7290
305000000 309.54795634997117304 6458.0029110554414729 -3212.1492379607025214 -5105.6591234432617057 -2126.7750907577874386 4020.2849762403470777 7290
306000000 310.46926297319953392 6477.2238451069551957 -3107.3899285064999276 -5033.0765886299077465 -2055.0101566161170012 3980.6968167395243654 7290
307000000 310.68518835051554561 6481.7286292176950155 -3104.801181919569899 -5042.2854551629952766 -2104.9423412072924293 4042.4266144507173522 7290
308000000 306.2810618895438779 6389.8467061677647507 -3184.764852516447263 -5102.3017504136405478 -2145.9751752377665071 4063.512073134959337 7290
309000000 307.95477991464139222 6424.764965702792324 -3071.9007428019158397 -5031.5676587863063105 -2070.601148168194868 4030.2680641525857936 7290
310000000 311.12218516902595411 6490.8455581722237184 -3022.3742853228523018 -5017.2534293270573471 -2089.9627974487621032 4084.8419414529676033 7290
311000000 314.01384362683683094 6551.1733308331031367 -3200.1920719448407908 -5096.240034070202455 -2092.6143181350580562 3988.6622802604206299 7290
312000000 309.20716964834400642 6450.8931839000506443 -3260.8593615117542868 -5069.6355771565476971 -2137.9048107885660102 3946.6810264333598752 7290
313000000 312.67078356771611425 6523.1534857861606724 -3121.1255361189087125 -4987.0333859858164942 -2138.9188988767664341 4004.8267487436742158 7290
314000000 311.54818142987130614 6499.7329859074197884 -3233.6028290138315242 -5174.5291306362441901 -2098.5808891685387607 4039.5071907909523361 7290
315000000 312.33589271068910875 6516.1667618062383553 -3035.58277859514601 -4906.3324198540558427 -2121.5977380704034658 3992.3473793293132985 7290
316000000 306.77422170304942028 6400.135346250510338 -3056.86842073070693 -5039.354023550349666 -2112.2231435281487393 4094.70874634779193 7290
317000000 311.18006560077304812 6492.0530996502020571 -3191.1389750737716895 -5155.4710426551482669 -2092.841183543247098 4057.1732511246232207 7290
318000000 312.22549398788555663 6513.8635475267810762 -3185.9283199020928805 -5137.009275789885578 -2140.3770400418152349 4091.4579959296083871 7289
319000000 310.47243508852773175 6477.2900239642322049 -3051.4936449894084944 -5099.3245260823969147 -2061.7780515808417476 4109.6089326738301679 7289
320000000 308.71754919193222122 6440.6783843255234387 -3172.4897215303290068 -5084.8740722064449074 -2105.2695659721307493 4017.6539166482471046 7289
321000000 308.81590865294060677 6442.730427223857987 -3144.9126267276446924 -5097.2211418957085698 -2059.6719743954549813 4011.9804895635188586 7289
322000000 313.79924961704273301 6546.6963226296356879 -3063.0895317626027463 -5069.1815542824024305 -2075.6908775383672037 4081.7829000581668879 7289
323000000 306.15418829315370886 6387.1997817154597215 -3016.8957408670107725 -5031.3438210419162715 -2106.6892996533679252 4121.137379828273879 7289
324000000 307.89899963953416773 6423.6012391407775795 -3184.5445288845489813 -5137.5175913404336825 -2084.5544367127972691 4037.5274991686828798 7289
325000000 311.83949263044922873 6505.8105210445874036 -3172.4785976051166472 -5062.7785719229614187 -2124.1580464315547943 4014.4580207493991111 7289
326000000 314.32706292254874825 6557.7079277574621301 -2941.6560001290404216 -4958.1303275599675544 -2029.4655887915996573 4045.9399162225263353 7289
327000000 302.79513184564837047 6317.120829903988124 -3125.3125420818846578 -5108.9815419431561168 -2093.5107683644027929 4077.1797682256747066 7289
328000000 314.74028292404011609 6566.3288083602747065 -3120.719702852370574 -5061.8999829791282536 -2074.0729043038177224 4015.2531844305749473 7289
329000000 311.87140611135816926 6506.4763220889299191 -3163.3563694686999952 -5102.1566207465202751 -2085.0156035408222124 4023.8158548186420376 7289
330000000 309.32574397552872369 6453.3669632755136263 -3031.3052835685148239 -5027.3834807889261356 -2090.0533447912193878 4086.1315420116306996 7289
331000000 310.71090005854603078 6482.265044599877001 -3047.0559180583918533 -5016.7952840268198997 -2104.7244016468766858 4074.4637676153042776 7289
332000000 307.62938031568137376 6417.9762548932649224 -3134.7664037948707119 -5111.3103017844605347 -2055.789863379786766 4032.3337613693761341 7289
333000000 305.41358799912427457 6371.7488677079281842 -3054.0981909622664716 -5040.8850372611077546 -2077.2541894976684489 4064.0410357965106414 7289
334000000 310.67329185859694007 6481.4804364001829526 -3183.4265481839156564 -5083.9471079781424123 -2112.1031933308640873 4012.6237531250917527 7289
335000000 313.64669527751203759 6543.5136288060348306 -3131.8800540598786029 -5044.6353679393041602 -2102.735012389671283 4015.4903262690963857 7289
336000000 312.55395934923859613 6520.7162183853170063 -3059.0270840949488047 -5084.4718175681700814 -2076.2548460736225024 4101.6995795468428696 7289
337000000 311.1170019123337056 6490.7374214970477624 -3130.4312251087030745 -5136.3013271229847305 -2096.922113224439272 4102.7922152387200185 7289
338000000 305.42460305345679217 6371.9786713667326694 -3089.7611148663190761 -5033.2986319676238054 -2074.8032666160374902 4018.3407837173417647 7289
339000000 309.40005655070297053 6454.9173234602885714 -3174.5629711428264272 -5111.072720439891782 -2115.4428192406867311 4051.9525685377520858 7289
340000000 301.55592871905383845 6291.2677197969114786 -3209.8700475450254999 -5166.9888815221365803 -2121.397361172233559 4078.516195149345549 7289
341000000 312.97405325568433909 6529.4805071331193176 -3020.2316125060751801 -5140.5361672099061252 -2077.7252266975178827 4198.029781401348373 7289
342000000 311.12475827286266394 6490.8992400387232919 -3195.8718003581029734 -5129.6997702556109289 -2131.2901098812312739 4065.1180797787383199 7289
343000000 309.0042163635349084 6446.6590325279657918 -3199.5687981350524751 -5028.9266512624271854 -2159.7334300108013849 3989.0912831381760952 7289
344000000 312.2408718628376505 6514.1843713576899972 -3128.7629688102124419 -5004.6901036434819616 -2132.8981746052813833 4008.825309438550903 7289
345000000 310.3153220813135249 6474.0122240720338596 -3053.7345776804418165 -5064.3814800790914887 -2074.239232683933551 4084.8861350825827685 7290
346000000 312.5488542866431203 6520.6097130493053555 -3184.2010108842473528 -5193.8826138137819726 -2059.6079345641214786 4069.2895374936560984 7290
347000000 309.39319124389578519 6454.7740946957737833 -3157.5792969994436135 -5142.3595183851266484 -2126.9244768033540822 4111.7046981890371171 7290
348000000 302.03777798433145563 6301.3203914234518379 -3028.3062485545656273 -5020.1866230454361357 -2080.3871606098891789 4072.2675351007601421 7290
349000000 316.51246806483231921 6603.3013567599346061 -3038.9942349378325162 -5054.834008978714337 -2080.6023837951424866 4096.4421578360243075 7290
350000000 311.86253156408378118 6506.2911751643368916 -3066.5496386608442663 -5060.9645706095725473 -2094.071924175532331 4088.4868561242601572 7290
351000000 309.11793779245664382 6449.0315673935992891 -3232.4222544444319283 -5063.8245804501511884 -2135.8378008754925759 3967.2401268812109265 7290
352000000 312.38123252238074201 6517.1126722213602989 -3102.7443264964804257 -5037.579961922383518 -2120.790944386528281 4055.6265798124322828 7290
353000000 310.43634493997546997 6476.5370863995358377 -3139.8441294764324994 -5081.3655936122131607 -2084.7272864652118187 4026.2487506009929348 7290
354000000 312.41103767981491046 6517.734487967599307 -3094.8780596378892369 -5150.1882205901765701 -2141.2477538637422185 4196.5579148160304612 7290
355000000 316.82627562553653888 6609.8482264741960535 -3038.527736067371734 -5107.4484894051729498 -2020.9798406153756787 4089.9005939531766671 7290
356000000 309.00106598279910486 6446.593307112741968 -3105.4576381645865695 -5060.617360848383214 -2089.1444441756975721 4044.3041668594942166 7290
357000000 313.04361368468170213 6530.9317247675571707 -3224.1783411634364711 -5104.4841470979590667 -2114.2939967020633958 3994.5998026365859914 7290
358000000 312.40650674137555143 6517.639960405614147 -3044.4667246185158547 -5046.6715291228319984 -2025.3416257116755332 4027.5464302159912222 7290
359000000 317.28056348088091454 6619.3258929620151321 -3150.4339257640244796 -5071.8011931880100747 -2085.5293794335325401 4006.8966468575181352 7291
360000000 316.40047829300829108 6600.9649489187204381 -3170.9684645724810252 -5081.5252945775300759 -2168.3509959438770238 4078.9078259489256197 7291
361000000 302.10101492463121531 6302.6396840763818545 -3039.9307334882105351 -4998.8651255219065206 -2068.3315973279459286 4027.2659893616414593 7291
362000000 313.48688957535853206 6540.1796520552925358 -2927.4635837901305422 -5010.6576911581441891 -2071.7501076449598258 4154.9442150129734728 7291
363000000 315.86661310721439122 6589.8270852913146882 -3109.9004635793130547 -5034.7850515514473955 -2153.0758926249291108 4077.9604805970629968 7291
364000000 310.85363900669688064 6485.2429629604075672 -3116.2183716001272842 -5028.9255995274834277 -2186.9334809931128802 4099.6407089204694785 7291
365000000 308.83548480472524034 6443.1388384009278525 -3189.8338225814200086 -5095.5999048977100756 -2121.187784981425466 4026.9538672977146234 7291
366000000 307.75624688514932359 6420.6230327450739424 -3086.0410861451064193 -5040.0991145509524358 -2172.5663237729563662 4126.6243521788019279 7291
367000000 309.82488000141614748 6463.7802832218076219 -3102.1148014088344098 -4968.8956009497342166 -2168.6945385594967775 4035.4753381003965842 7291
368000000 306.13706772515126886 6386.842600620477242 -3227.6111811142582155 -5124.2239386391875087 -2086.0363137999902392 3982.6490713249195323 7291
369000000 307.9623013667791156 6424.921883423631698 -3064.7629732201739898 -5042.5926928883536675 -2108.547187220851356 4086.3769068890305789 7291
370000000 312.84823681312400367 6526.8556377529621386 -3077.9165790846041091 -5038.134760283961441 -2129.562085198499517 4089.7802663978573037 7290
371000000 313.56410307900335965 6541.7905334101260451 -3068.6507881106772402 -5045.8342185472847632 -2086.8287871684988204 4064.0122176051063434 7290
372000000 313.19998890282778348 6534.1941323954806649 -3098.2301183085223784 -5036.9241152399263228 -2119.0952249947818018 4057.789221926186201 7290
373000000 306.98690058557696148 6404.5723997483864878 -3050.8865985668185203 -4939.256043685608347 -2133.1657320792128303 4021.5351771980022022 7290
374000000 308.30014202583333827 6431.9701482074515297 -3111.7394224347708587 -5061.8977230560176395 -2100.090952067537728 4050.2492526887845088 7290
375000000 308.5472952617214446 6437.1264294365792011 -3073.6628368737165147 -5040.9401431478581799 -2079.7529560678913185 4047.0302623420338932 7289
376000000 308.41543670426591461 6434.3755052891992818 -3174.0294249385306102 -5080.7651038114290714 -2127.1377040048046183 4033.8733828777030794 7289
377000000 313.75329211172004307 6545.7375254640573985 -3051.9136983500861788 -5067.5081278077368552 -2060.6545428556628394 4076.2489723133135158 7289
378000000 303.75932984580879292 6337.2365934363760971 -3130.5087173968154275 -5071.2759243232676454 -2078.0559955800772514 4018.8232025065290145 7290
379000000 312.58869274732683152 6521.4408504862985865 -3149.9492942065326133 -5077.4197220599717184 -2121.2282592657170426 4048.6986871191570572 7290
380000000 313.65682073246341588 6543.7248730291357788 -3117.430563917782365 -5059.972174706835176 -2077.7088521377404504 4020.2504629267937162 7291
381000000 309.78268198084901996 6462.899919019515437 -3115.1037886119202085 -5094.2038026359969081 -2139.9464089021466862 4119.0464229262233857 7291
382000000 312.40391583805285336 6517.5859071939648857 -3118.8369684829867765 -5055.6254132939084229 -2093.7340762049625482 4030.5225210158841946 7291
383000000 314.38931404587384577 6559.0066536169069877 -3039.5490937831809788 -5071.4031956708458893 -2044.1366002712109093 4075.9907021588755924 7291
384000000 309.35423679194963142 6453.9614000586225302 -3078.5408510107336042 -5035.9888107293736539 -2125.8149105879970193 4083.262870306637069 7291
385000000 310.46632038864413516 6477.1624548789304754 -3250.0685320308211885 -5103.4192713512347837 -2186.5775066372816582 4039.9282459576938891 7291
386000000 311.34687729626875807 6495.5332402649619326 -3190.5550918153621751 -5153.5403814028322813 -2063.2978813845556942 4026.2831709720258004 7291
387000000 312.84148764307769852 6526.7148319136331338 -3041.7532093488362079 -4997.2503491638753985 -2047.2130540009131892 4002.7101938159530619 7291
388000000 308.26341178596351256 6431.2038566163200812 -3062.3856833869663205 -5106.8010829958993781 -2036.6944034622570143 4081.1098030711905267 7291
389000000 309.43884676395350652 6455.7265916365231533 -3096.6777341104129846 -5080.079619285625995 -2105.4174500604253808 4088.8193352356383912 7291
390000000 310.06723589056747414 6468.8364788953504103 -3046.8954565614681087 -4984.1752046941337539 -2081.5644472767744446 4018.8441954094396351 7291
391000000 303.73983072356901403 6336.8297893027856844 -3099.5789851324561823 -5005.1524513507620213 -2096.4567465983413967 4002.030212816646781 7291
392000000 307.97910510447906063 6425.2724545863757157 -3122.7125480782660816 -5104.0809689083089324 -2052.9137752528022247 4034.2821960828450756 7291
393000000 306.79320987322040537 6400.5314905497198197 -3016.725146063216016 -5049.1945773129373265 -2011.0764998208430825 4043.5459310705646203 7291
394000000 310.90742354694953065 6486.3650531257471812 -3182.6431993335800144 -5100.3418263752027997 -2120.7193578980454731 4038.4179849396687132 7291
395000000 309.33019750732330522 6453.4598759267009882 -3223.7391168411031686 -5082.3056671228332561 -2165.7758684809632541 4024.3424187626919775 7291
396000000 309.37144907333470201 6454.3204945414327085 -3181.6023319799328419 -5096.5230426069465466 -2099.4037093102119798 4014.3244199372256844 7291
397000000 310.01760917016184749 6467.8011320346422508 -3176.8582548322751791 -5124.1580063482379046 -2067.9665178484733588 4015.2662693644369938 7291
398000000 312.02478949377245954 6509.6763119768265824 -3077.4517733551297169 -5106.1439601842139382 -2097.0026133273054256 4125.6948001563905564 7291
399000000 311.64446908032283545 6501.7418052653210907 -3099.370717626629812 -5046.2766529839436771 -2092.9200134480820452 4039.8259488053959103 7290
400000000 307.52605339557374009 6415.820577437940301 -3118.6663354740585419 -5051.1656349601780676 -2123.4957305995603747 4055.9950300856803551 7291
