# Fix print output for fix saveBond
1000000 550 223
2000000 815 463
3000000 1080 700
4000000 1317 932
5000000 1592 1200
6000000 1871 1468
7000000 2163 1753
8000000 2434 2022
9000000 2729 2316
10000000 2999 2575
11000000 3273 2849
12000000 3548 3120
13000000 3845 3413
14000000 4145 3710
15000000 4420 3984
16000000 4706 4272
17000000 5002 4562
18000000 5289 4846
19000000 5587 5143
20000000 5893 5449
21000000 6173 5729
22000000 6479 6035
23000000 6794 6347
24000000 7093 6645
25000000 7368 6921
26000000 7671 7220
27000000 8000 7550
28000000 8289 7842
29000000 8634 8183
30000000 8917 8467
31000000 9248 8796
32000000 9528 9077
33000000 9829 9378
34000000 10143 9689
35000000 10474 10020
36000000 10753 10298
37000000 11068 10612
38000000 11367 10911
39000000 11672 11214
40000000 11970 11512
41000000 12270 11812
42000000 12546 12089
43000000 12837 12380
44000000 13122 12664
45000000 13435 12977
46000000 13725 13266
47000000 14036 13575
48000000 14337 13875
49000000 14649 14187
50000000 14935 14474
51000000 15241 14782
52000000 15510 15051
53000000 15790 15331
54000000 16099 15634
55000000 16420 15957
56000000 16767 16303
57000000 17075 16610
58000000 17371 16909
59000000 17662 17198
60000000 17972 17507
61000000 18261 17795
62000000 18594 18129
63000000 18890 18423
64000000 19198 18731
65000000 19487 19020
66000000 19814 19350
67000000 20117 19652
68000000 20426 19956
69000000 20727 20256
70000000 21030 20562
71000000 21329 20856
72000000 21652 21182
73000000 21964 21493
74000000 22285 21814
75000000 22612 22142
76000000 22907 22436
77000000 23217 22746
78000000 23516 23047
79000000 23825 23359
80000000 24115 23648
81000000 24413 23945
82000000 24730 24262
83000000 25063 24595
84000000 25371 24903
85000000 25686 25213
86000000 25997 25524
87000000 26293 25821
88000000 26603 26131
89000000 26893 26424
90000000 27210 26736
91000000 27513 27044
92000000 27845 27370
93000000 28157 27680
94000000 28474 27999
95000000 28776 28306
96000000 29108 28637
97000000 29375 28906
98000000 29670 29197
99000000 29981 29508
100000000 30272 29800
