# Fix print output for fix saveBond
1000000 540 210
2000000 799 439
3000000 1070 694
4000000 1379 991
5000000 1623 1227
6000000 1912 1501
7000000 2195 1782
8000000 2481 2064
9000000 2767 2342
10000000 3040 2613
11000000 3306 2880
12000000 3576 3145
13000000 3851 3418
14000000 4137 3702
15000000 4406 3969
16000000 4685 4247
17000000 4975 4535
18000000 5240 4797
19000000 5524 5080
20000000 5830 5387
21000000 6134 5690
22000000 6435 5990
23000000 6731 6284
24000000 7019 6571
25000000 7316 6871
26000000 7616 7168
27000000 7884 7437
28000000 8172 7724
29000000 8442 7997
30000000 8753 8309
31000000 9046 8599
32000000 9355 8905
33000000 9661 9208
34000000 9968 9518
35000000 10264 9814
36000000 10564 10112
37000000 10874 10425
38000000 11167 10718
39000000 11448 10998
40000000 11750 11301
41000000 12051 11600
42000000 12365 11913
43000000 12663 12209
44000000 12961 12505
45000000 13209 12756
46000000 13516 13059
47000000 13830 13374
48000000 14126 13670
49000000 14448 13991
50000000 14756 14296
51000000 15048 14591
52000000 15357 14900
53000000 15689 15230
54000000 15977 15519
55000000 16286 15827
56000000 16554 16096
57000000 16838 16379
58000000 17148 16690
59000000 17416 16958
60000000 17731 17270
61000000 18050 17591
62000000 18365 17905
63000000 18638 18176
64000000 18941 18479
65000000 19262 18801
66000000 19532 19071
67000000 19831 19373
68000000 20116 19659
69000000 20462 20001
70000000 20746 20287
71000000 21055 20593
72000000 21337 20873
73000000 21622 21159
74000000 21929 21463
75000000 22240 21776
76000000 22553 22087
77000000 22863 22400
78000000 23154 22686
79000000 23454 22989
80000000 23740 23274
81000000 24060 23596
82000000 24339 23873
83000000 24626 24159
84000000 24919 24454
85000000 25238 24769
86000000 25586 25116
87000000 25903 25436
88000000 26216 25745
89000000 26538 26066
90000000 26849 26376
91000000 27155 26686
92000000 27454 26982
93000000 27758 27289
94000000 28059 27590
95000000 28390 27922
96000000 28706 28234
97000000 29031 28558
98000000 29340 28868
99000000 29651 29179
100000000 29932 29463
