# Fix print output for fix saveBond
1000000 536 207
2000000 815 456
3000000 1058 684
4000000 1330 941
5000000 1605 1206
6000000 1878 1473
7000000 2156 1747
8000000 2433 2020
9000000 2722 2306
10000000 3020 2597
11000000 3296 2871
12000000 3586 3162
13000000 3882 3456
14000000 4192 3759
15000000 4487 4051
16000000 4784 4348
17000000 5092 4655
18000000 5371 4932
19000000 5663 5221
20000000 5941 5499
21000000 6246 5802
22000000 6520 6075
23000000 6812 6365
24000000 7084 6641
25000000 7363 6917
26000000 7675 7229
27000000 7960 7516
28000000 8277 7830
29000000 8559 8107
30000000 8855 8404
31000000 9158 8704
32000000 9448 8997
33000000 9731 9278
34000000 10026 9570
35000000 10328 9872
36000000 10600 10145
37000000 10900 10441
38000000 11213 10754
39000000 11519 11060
40000000 11824 11368
41000000 12107 11650
42000000 12417 11958
43000000 12712 12257
44000000 13003 12549
45000000 13301 12841
46000000 13571 13112
47000000 13849 13390
48000000 14143 13681
49000000 14439 13978
50000000 14736 14277
51000000 15039 14577
52000000 15314 14851
53000000 15625 15166
54000000 15934 15473
55000000 16218 15753
56000000 16548 16085
57000000 16859 16392
58000000 17135 16672
59000000 17446 16985
60000000 17745 17283
61000000 18063 17598
62000000 18367 17902
63000000 18668 18201
64000000 18983 18516
65000000 19273 18803
66000000 19557 19093
67000000 19854 19385
68000000 20181 19714
69000000 20473 20006
70000000 20782 20316
71000000 21086 20618
72000000 21399 20936
73000000 21693 21226
74000000 21987 21518
75000000 22315 21843
76000000 22627 22158
77000000 22923 22457
78000000 23224 22757
79000000 23534 23067
80000000 23853 23383
81000000 24166 23696
82000000 24443 23972
83000000 24740 24268
84000000 25074 24603
85000000 25386 24916
86000000 25716 25245
87000000 26040 25568
88000000 26335 25862
89000000 26686 26214
90000000 26980 26507
91000000 27301 26828
92000000 27587 27115
93000000 27876 27407
94000000 28191 27722
95000000 28506 28035
96000000 28803 28332
97000000 29097 28624
98000000 29389 28916
99000000 29660 29185
100000000 29960 29489
