# Steps Temp KinEng PotEng Epair Ebond Eangle Bonds
1000000 306.72541855433325964 6399.117181310273736 1615.8183307800736657 -2868.3865834418443228 241.93528466365634699 4242.2696295582618404 7129
2000000 313.78262997527735934 6546.3495922032197996 1032.8533436859024732 -3185.2545270432979123 34.269683431131284124 4183.8381872980689877 7159
3000000 308.43248285093233108 6434.7311337549526797 469.25684940770145204 -3610.4949374487791829 -65.824424485001785001 4145.5762113414821215 7174
4000000 308.81903970958114769 6442.795749486481327 24.17087788887013744 -4108.9376413439158569 -73.818975017878855738 4206.9274942506654043 7189
5000000 309.88965080113700878 6465.13157630763817 -376.87120741127125712 -4413.8757184480155047 -202.5155308654814803 4239.5200419022257847 7199
6000000 309.06779156743613157 6447.9853822693958136 -469.06930974440831505 -4526.4086286217325323 -217.85152600429083236 4275.1908448816157033 7205
7000000 315.74563256726582949 6587.3031058459919223 -525.19583316228022341 -4471.1431428896803482 -260.79391013800659493 4206.7412198654064923 7209
8000000 311.13497387012722584 6491.1123648729189881 -636.88750564442784707 -4724.2548876922310228 -235.13793147746349632 4322.505313525267411 7213
9000000 314.22087329353075802 6555.492526494897902 -758.12813411417221232 -4752.6726427006078666 -294.5090742605617038 4289.0535828469974149 7216
10000000 310.66191168421551083 6481.2430153551531475 -967.70690153265286426 -4782.4713293293216338 -361.16315153013056261 4175.9275793267988774 7223
11000000 304.98120632556896226 6362.7282230897799309 -1020.8181714069373811 -4961.293969770134936 -337.76933802778734162 4278.2451363909840438 7225
12000000 308.48219040578123895 6435.7681670395559195 -984.98342346833646843 -4918.0843088443880333 -358.37116090013375924 4291.4720462761852104 7224
13000000 306.83597104420994128 6401.4236035844387516 -998.76953180664918364 -4886.0204197941529856 -359.30297757934033598 4246.5538655668442516 7226
14000000 313.62223702059475272 6543.0033637852811808 -1010.3130471412907809 -4868.941152857578345 -401.34865201641173371 4259.9767577326983883 7233
15000000 313.44158434401356317 6539.2344630792067619 -1070.5831837481734965 -4897.7292419860050359 -419.26107288597063416 4246.4071311238021735 7236
16000000 311.17286663578374828 6491.9029098786213581 -1217.2849622578992239 -4974.5095637975427962 -416.11335675551174518 4173.3379582951547491 7236
17000000 315.68367610480407848 6586.0105274046591148 -934.75650095207447521 -4797.2428571301252305 -357.05313912813323896 4219.5394953061841079 7237
18000000 312.27293015705231483 6514.8531935970713675 -1368.5007329744405524 -5068.6143645091569852 -474.09709920973455155 4174.2107307444512116 7239
19000000 314.57595411656080842 6562.9004674673633417 -1041.0051836289017047 -4863.4193432516076427 -395.65892555415581455 4218.0730851768621505 7242
20000000 306.3329576268778851 6390.9293908242107136 -1358.8604121315433986 -5167.8844252129283632 -414.11277757822244894 4223.1367906596078683 7242
21000000 309.99937445832995309 6467.4207069028425394 -1354.3579763747713969 -5078.5522107586057245 -429.57927156756909426 4153.7735059514034219 7244
22000000 312.30373252570848308 6515.495813851440289 -1212.6265503695963162 -4978.5774302502377395 -411.31331992849163726 4177.2641998091330606 7245
23000000 309.39592233352891526 6454.8310725708952305 -1201.3313275829677877 -4989.1707124616941655 -470.03769088387014108 4257.8770757625970873 7247
24000000 308.83485329242779471 6443.1256633559250986 -1255.3817954943383484 -5008.9778053020700099 -432.84740739331948589 4186.4434172010514885 7243
25000000 309.35633167647802111 6454.0051049841604254 -1182.7531049817175699 -4941.4449345175307826 -398.16597572596953114 4156.8578052617831418 7246
26000000 308.36659776081268092 6433.356593574474573 -1434.6975203005640651 -5079.1901120425245608 -513.88830179957449218 4158.3808935415345331 7246
27000000 312.97379887384499852 6529.4752000437802053 -1194.8130188537215872 -5012.9430353273728542 -433.95167317256999695 4252.0816896462201839 7244
28000000 313.42495368805049338 6538.8875028670036045 -1180.7990911679489727 -4921.0069836473803662 -420.84663772205874466 4161.0545302014907065 7247
29000000 307.10055767415934724 6406.9435923014953005 -1155.706905157037454 -4879.1318473447918223 -445.06646866367668736 4168.4914108514312829 7252
30000000 308.43953140950884517 6434.8781856442392382 -1244.7449440803650305 -4992.083320116467803 -442.5109550804668288 4189.849331116569374 7251
31000000 309.26777760408037921 6452.1576288642299914 -1318.4556604081199112 -4990.4571871518255648 -440.79493577837070006 4112.7964625220774906 7254
32000000 312.30459991101974992 6515.5139098419003858 -1413.9878603094593927 -5045.5613711947171396 -473.05625132373415909 4104.6297622089914512 7251
33000000 311.71924831842727599 6503.3019012939284949 -1314.0113947384450057 -4978.958398555830172 -436.52649210908623445 4101.4734959264715144 7253
34000000 310.03529858916732564 6468.1701808914949652 -1278.3995593980373542 -5035.5613176423803452 -458.43009626505818233 4215.591854509400946 7256
35000000 311.54107055744373156 6499.5846339836052721 -1314.4049221261980165 -4904.7614013585434805 -542.75366149812566618 4133.1101407304713575 7256
36000000 312.08613302854752192 6510.9561030981212753 -1430.9159756869321427 -5050.3534059172161506 -531.35213173588726931 4150.7895619661712772 7255
37000000 307.28041238374112254 6410.6958452697972461 -1306.2785345860854704 -4997.8943526587399901 -518.11593903693062657 4209.7317571095845778 7259
38000000 311.0408559494234737 6489.1488119131308849 -1468.9063058279880352 -5127.0193283758289908 -561.58374749676340798 4219.6967700446039089 7259
39000000 305.71873871914067422 6378.1151324425227358 -1423.168459754163905 -5126.0916646963778476 -436.61198394124971855 4139.5351888834638885 7259
40000000 308.3239388382372681 6432.4666137166750559 -1292.5865222482721038 -4992.702910645855809 -466.91973711868729424 4167.0361255162706584 7256
41000000 308.56725676539923597 6437.5428800905592652 -1315.8725400634448306 -4982.9895789359143237 -538.12117047949141124 4205.2382093519609043 7257
42000000 310.8187937667995584 6484.5159975384849531 -1297.8075045923135349 -4957.6038671243895806 -470.90730846148636601 4130.7036709935619001 7259
43000000 314.14300811523264656 6553.868049454091306 -1245.5089989309817611 -4912.0506363356726069 -441.59664429522297269 4108.1382816999130227 7255
44000000 311.14931909204585736 6491.4116447841888657 -1238.3307985756716789 -4962.4540151572582545 -473.23646692593035823 4197.3596835075177296 7254
45000000 304.21557688989764756 6346.7551338707216928 -1290.9650530250078191 -5006.4444052594772074 -490.68576861906160502 4206.1651208535313344 7260
46000000 312.08501735703680424 6510.9328271897647937 -1369.7447315837739552 -5056.9320686867840777 -514.04735766938858887 4201.234694772398143 7259
47000000 304.54762098030522566 6353.6824666424699899 -1342.9790775631192901 -4962.5877310670084626 -472.51210233520606607 4092.1207558390951817 7259
48000000 313.70131162276794612 6544.6530726609153135 -1545.5580681051537795 -5120.3201155137576279 -548.61324038121233571 4123.3752877898168663 7262
49000000 312.6861111175867336 6523.4732597005195203 -1533.2785623289282739 -5115.9452004449349261 -524.71780227108718009 4107.3844403870934912 7261
50000000 312.13908225098055027 6512.0607662871234425 -1367.2144896353561307 -4993.7666561081732652 -535.48427509658392864 4162.0364415694011768 7259
51000000 305.18525692252410408 6366.9852673444956963 -1466.936943762302235 -5026.2240156047109849 -518.73798113355803707 4078.0250529759669007 7262
52000000 310.06909089074957819 6468.8751791882459656 -1432.1913273644838682 -5026.3975220999464 -533.20063849662824396 4127.406833232090321 7263
53000000 308.28971148909522526 6431.7525391577491973 -1457.9061785108788172 -5103.4816414084252756 -472.48661876818937344 4118.0620816657356045 7259
54000000 307.57043545428854259 6416.7465065500509809 -1436.4990432089373371 -5143.0012377966595523 -457.38412929187097689 4163.8863238795929647 7261
55000000 316.88622248715597607 6611.0988792370562805 -1389.0694447577600386 -5034.6657164764201298 -496.82150379686243014 4142.4177755155224077 7265
56000000 311.92914710579782422 6507.6809545296518991 -1392.4991228301405499 -5016.1951312335422699 -531.72139274609742188 4155.4174011494997103 7263
57000000 312.55159299142121654 6520.666849796832139 -1536.6518433116157212 -5113.1097843986453881 -601.88383613747055279 4178.3417772245011292 7267
58000000 308.31788349653879777 6432.3402830027616801 -1544.0715087440116804 -5178.1099819172941352 -516.37171266916232071 4150.4101858424455713 7263
59000000 313.65533060619731032 6543.6937849874711901 -1358.2902960392452769 -5043.7936336759730693 -454.20270650117095101 4139.7060441378980613 7261
60000000 310.60199349291269755 6479.992960732206484 -1537.9846851903505467 -5157.2439556847939457 -581.37674077932979344 4200.6360112737729651 7262
61000000 309.99916063879618378 6467.416246052292081 -1517.5783582442163606 -5094.3970763181096117 -544.48426535941871407 4121.3029834333119652 7265
62000000 312.35901305277008078 6516.6491143251314497 -1519.4790052038088106 -5087.3008801805590338 -582.07633065204117884 4149.898205628791402 7265
63000000 306.64531482791045391 6397.4460021349214003 -1463.6250370420405034 -5075.557911566022085 -494.74924726233825822 4106.6821217863207494 7267
64000000 311.87320045992510131 6506.5137570260076245 -1434.3094229867497233 -5136.5955948885875841 -540.62110258011603037 4242.9072744819541185 7267
65000000 310.15843499271261408 6470.7391374497265133 -1492.5460701908523333 -5066.3530025142481463 -550.10464314384466888 4123.9115754672402545 7270
66000000 313.77324154688591307 6546.1537243364209644 -1385.1004583517019455 -5095.3328958901911392 -497.33616324775800877 4207.5686007862468614 7264
67000000 311.41123133460382633 6496.8758385873879888 -1426.3900123023859123 -4980.0893054045327517 -548.44042512739406448 4102.1397182295404491 7269
68000000 304.95324352110566224 6362.1448437815952275 -1470.3225337832195692 -5076.1722906178501944 -496.89361330116463478 4102.7433701357949758 7267
69000000 306.21768106053860947 6388.5244116094436322 -1494.5551289928898768 -5097.5647187651466083 -584.86840378544843588 4187.8779935577058495 7267
70000000 310.70975436075178777 6482.2411422624891202 -1432.1217677917195488 -5106.1172503858670098 -519.35213611091182884 4193.3476187050591761 7266
71000000 307.42771049568898434 6413.7688800491869188 -1515.4123352546739625 -5102.9201787714655438 -544.18141253607723229 4131.6892560528685863 7268
72000000 310.53041197180573363 6478.4995776805544665 -1346.7377996971283665 -4968.7889469966212346 -513.39865824159846852 4135.4498055410913366 7263
73000000 309.40423528223686844 6455.004503038951043 -1392.6155947386241678 -4980.1854527794439491 -536.620250309778271 4124.1901083505972565 7267
74000000 305.17081231227422222 6366.6839139253270332 -1433.1891104327555695 -5016.7333019881407381 -540.93588045713943302 4124.4800720125249427 7269
75000000 319.46258303122692723 6664.8486894109855712 -1661.3581730347732446 -5161.6270485040950007 -641.42461005188738454 4141.693485521209368 7272
76000000 303.34896555223838277 6328.6752905813355028 -1421.7148242069276876 -4951.1403044670450981 -580.96207478479732345 4110.3875550449138245 7269
77000000 311.24939008082412784 6493.4993947550256053 -1453.7283777272211864 -5036.7047614041803172 -529.5599577596084373 4112.5363414365674544 7266
78000000 310.61838187002547329 6480.3348663559745546 -1573.943429241990998 -5158.3600936453922259 -618.98860160200638347 4203.4052660054076114 7267
79000000 310.71076437146427907 6482.2622138024162268 -1502.9017345295133055 -5008.1702531298360555 -597.35554381471456509 4102.6240624150377698 7267
80000000 309.59320162686532285 6458.9468492204332506 -1519.2010669525488993 -5110.9603394698096963 -540.83489181327195183 4132.5941643305322941 7270
81000000 309.18422313179161165 6450.4144578491950597 -1443.0458704044210663 -4958.4093921804333149 -534.10114307372987241 4049.4646648497418937 7270
82000000 308.27746703632288927 6431.4970869409735315 -1482.1729923488433087 -4904.8078638498127475 -640.97240148252876679 4063.6072729834982056 7271
83000000 309.62314713443737446 6459.5715930480255338 -1518.177574379456928 -5079.7166190405932866 -573.78739570945890591 4135.326440370596174 7272
84000000 311.07706407438968199 6489.904210783124654 -1442.4269116045823012 -4970.438475009483227 -622.52444544228706036 4150.5360088471879862 7271
85000000 314.26689419925219227 6556.4526463633110325 -1468.1870851851599582 -5019.7231857100923662 -565.57747237750709246 4117.1135729024399552 7270
86000000 311.2855788344364214 6494.2543894864766116 -1472.1160763199113717 -5054.1368401232230099 -535.45904073655810862 4117.4798045398702016 7271
87000000 310.13556789672441028 6470.2620683254444884 -1525.4256871509446682 -5092.1713297282367421 -624.20700075777506299 4190.9526433350674779 7272
88000000 311.31115595680989827 6494.7879970498797775 -1596.4861341512239505 -5137.280007215878868 -599.92521351153391151 4140.7190865761895111 7273
89000000 314.04217221114822678 6551.764341292698191 -1472.6153581596033746 -5118.2837449364833446 -570.52648513272674791 4216.1948719096080822 7272
90000000 304.34774318026984474 6349.5124781544036523 -1494.5357357336142741 -5111.8434484172676093 -560.53310267700157965 4177.8408153606542328 7273
91000000 307.92689453289148105 6424.1832016406415278 -1707.5308028331166952 -5215.1054411653858551 -621.59738051989404539 4129.1720188521630917 7273
92000000 315.11079059875419262 6574.0585949500027709 -1453.145715021746355 -5039.2988111236918485 -585.72129106736178983 4171.8743871693077381 7272
93000000 310.04544512308603998 6468.3818648785481855 -1543.2470294647107494 -5091.8979016644843796 -580.37475682442254765 4129.025629024195041 7269
94000000 316.11604955174152565 6595.0310003934328051 -1547.1578004263251387 -5176.2819365024197396 -511.38996728616507426 4140.5141033622594477 7269
95000000 308.73581826333071376 6441.0595262902934337 -1611.4621547721201296 -5092.5387083398418326 -628.04917970376186531 4109.1257332714831136 7271
96000000 305.70877008427294186 6377.9071599081398745 -1547.2593043838776339 -5144.9748824743264777 -561.40958325905489801 4159.1251613495041966 7271
97000000 306.62578067956911809 6397.0384672626487372 -1686.3107843097543537 -5193.0883763870806433 -673.80185153048546454 4180.5794436078122089 7273
98000000 309.59616875743955688 6459.0087515444283781 -1533.2173377204617282 -5080.268698942658375 -626.96151522289801505 4174.0128764450946619 7273
99000000 310.11557441312504579 6469.8449504842892566 -1674.0703030140152805 -5235.809575192363809 -623.92358945386547475 4185.662861632214117 7275
100000000 310.40064306722712217 6475.7922493123915046 -1705.2233632375189245 -5204.8299615581081525 -615.33898710182063496 4114.9455854224097493 7271
