# Steps Temp KinEng PotEng Epair Ebond Eangle Bonds
301000000 310.00834046579490177 6467.607761932997164 28.656882094812743844 -1774.7464491117816578 -1957.3005409136053458 3760.703872120199776 7284
302000000 312.98929393775836161 6529.7984687516063786 -15.391524316267464201 -1753.513669931970071 -2036.5415318964910512 3774.6636775121933169 7285
303000000 312.70295696874364921 6523.8247094632424705 17.806406934371722173 -1816.4240618054152492 -2037.40671387010525 3871.6371826098925339 7285
304000000 309.23494225081509512 6451.4725950831216323 -81.405580404045679188 -1795.2561656309883347 -2095.9627735218136877 3809.8133587487564 7285
305000000 310.0123930578040472 6467.6923099019159054 -3.8717386835016327495 -1811.8183980978494674 -2060.1985636219515072 3868.1452230362988303 7285
306000000 303.56115474707962676 6333.1021278770404024 -55.820760191055654786 -1810.097581120004179 -2057.3947112697524062 3811.6715321987007883 7285
307000000 311.56165430681153339 6500.0140663562342525 -63.220848664728748645 -1855.2876693914681709 -2056.5528450710044126 3848.619665797743437 7285
308000000 313.4555332492388402 6539.5254747583439894 -96.135662161948943094 -1791.2829872196869019 -2090.0798310402756215 3785.2271560980143477 7285
309000000 310.33744164646446961 6474.4736976925369163 -7.0973172186227202474 -1768.1021965397353597 -2048.7095695061921106 3809.71444882730475 7285
310000000 314.45881761496531226 6560.4566850007804533 77.066709714871080905 -1770.1829671114358007 -2054.6382643579700016 3901.8879411842763147 7285
311000000 304.93637426790013478 6361.7929057891979028 -14.616905927913649066 -1797.0985797683031251 -2047.925475712375146 3830.4071495527646221 7285
312000000 312.59431281522716972 6521.5581002180970245 -49.11149808575189013 -1797.4012077870065696 -2065.3697728714596451 3813.6594825727152056 7285
313000000 309.38846338184714568 6454.6754587776649714 115.35399265961930837 -1789.1641391982213918 -2012.2362045253146334 3916.7543363831555325 7285
314000000 313.93365241824881195 6549.5003265444975113 60.186289795859011065 -1796.8101849555687295 -2005.8340910655001608 3862.8305658169279013 7285
315000000 312.77778464156608607 6525.3858159703340789 -51.094330787783576397 -1766.5790747061282673 -2095.1629063645177666 3810.647650282862287 7285
316000000 311.73630651485512999 6503.6577811501147153 44.775751435410768408 -1765.1143758535185952 -2038.3900609530533075 3848.2801882419826143 7285
317000000 307.93923824139176304 6424.4407245988541035 28.250966040391062961 -1798.1061377295486636 -2024.1353806095901291 3850.492484379529742 7285
318000000 308.35716424541936931 6433.1597850715543245 -11.19032069832343268 -1811.7023177681237485 -2052.0385327614103517 3852.5505298312109517 7285
319000000 308.04978654930488347 6426.7470596260127422 -9.450470010852455971 -1778.8439061932942877 -2075.5890466022519831 3844.9824827846932749 7285
320000000 310.6554805133060313 6481.1088438330898498 -26.458794005924374915 -1784.2178438160221958 -2029.2710689654220459 3787.0301187755198953 7285
321000000 309.36463378645964895 6454.1783093272333645 85.000218006113726688 -1755.1601669185636183 -2019.7035087569340703 3859.8638936816114438 7285
322000000 308.90726722092125556 6444.6364126644521093 28.091685655463408011 -1760.9475011579986585 -2005.4785341728888852 3794.5177209863509233 7285
323000000 313.21590440190487925 6534.5261725115988156 -29.981204544991783223 -1769.4725988709847115 -2035.3464287648957907 3774.8378230908883779 7285
324000000 312.18977708590875864 6513.1183968895102225 1.6676321305477017631 -1739.2889588283642297 -2054.3201143047003825 3795.2767052636122571 7285
325000000 310.93460504844512116 6486.9321323526792185 20.67019746083087739 -1799.646220623166073 -2038.7580932564462728 3859.0745113404432232 7285
326000000 311.05988354003716267 6489.5457786287979616 29.150163044624321174 -1762.1893117589700068 -2024.6113983617474332 3815.9508731653413633 7285
327000000 309.58041838557170422 6458.6801564260103987 27.931663118698907056 -1841.2378576469463951 -1970.6085580318133452 3839.77807879745842 7285
328000000 313.48668764179177515 6540.1754391779813886 2.6818324193324087901 -1799.721024850053027 -2015.8669878171494929 3818.2698450865345876 7285
329000000 306.80071254896392929 6400.6880165444754311 -30.196018477819308146 -1796.527032036365199 -2042.3266311365198362 3808.6576446950657555 7285
330000000 304.13671822701797964 6345.1099300695277634 59.652127304285784248 -1756.6765404255947942 -2040.2243053754123139 3856.5529731052929492 7285
331000000 311.60885201102564679 6500.9987374062511662 -62.109384122177488052 -1781.5261758010526592 -2106.2969574839812594 3825.7137491628559474 7285
332000000 309.27960229107446821 6452.4043236378947768 2.7618634454556172386 -1776.5602995188564819 -2084.8400800438139413 3864.1622430081260973 7285
333000000 307.10402742617446847 6407.0159806605670383 -116.38643057953859739 -1779.4945515225074359 -2040.0903095759922508 3703.1984305189616862 7285
334000000 311.02457030107416358 6488.8090494876623779 -31.235282407597367182 -1776.6443079406353718 -2095.3079214433928428 3840.7169469764303358 7285
335000000 311.79788592323797047 6504.9424932292595258 55.681260362962376576 -1793.6686323823003022 -2033.1550806635441404 3882.5049734088070181 7285
336000000 304.66546521649081569 6356.1410143560824508 20.52562684998218856 -1815.5309015445773184 -2046.1151923090619675 3882.1717207036217587 7285
337000000 312.97720205030083207 6529.5461994576280631 26.183355115590529749 -1783.4177689414568704 -2060.7060158776926073 3870.3071399347400074 7285
338000000 310.25714332839305598 6472.7984588120325498 -54.160850019291586932 -1814.4633397798706937 -2054.8750286936024168 3815.1775184541811541 7285
339000000 310.64003994206831294 6480.7867119890379399 1.3207151706359070431 -1809.1912587890024042 -2064.6254730859400297 3875.1374470455784831 7284
340000000 309.11476817072622225 6448.9654405594783384 35.1324978571652764 -1779.718761986215668 -2040.105562063627076 3854.9568219070079067 7284
341000000 309.27153221971553876 6452.2359602445676501 32.355021235123643919 -1755.9226658877169029 -2043.6209164475956186 3831.8986035704365349 7285
342000000 312.58910450073869924 6521.449440769897592 73.900302559359090537 -1755.2291380332803783 -2039.4521654440941347 3868.5816060367333193 7285
343000000 308.29027523300953817 6431.7643003720140769 -5.1967050808733006306 -1794.5861535516403364 -2031.4344883621772624 3820.8239368329441277 7285
344000000 307.1542294795244743 6408.0633305138762807 -2.2023387100735192234 -1811.4750798607637989 -2082.0453175150005336 3891.3180586656908417 7285
345000000 312.74417049243561451 6524.6845344128751094 3.4064676698394009691 -1795.9508329195937222 -2063.752184560454225 3863.109485149887405 7285
346000000 308.73385273587990696 6441.0185201013046026 24.138792051621408064 -1740.1157362129210924 -2042.5497476782734338 3806.8042759428162753 7285
347000000 308.90355016201107219 6444.5588648184075282 -29.623847688998665717 -1741.7941740479070631 -2122.0895562859977872 3834.2598826449057015 7285
348000000 309.68059356714451269 6460.7700801387718457 -31.866711715064354848 -1804.6595241703207648 -2066.6154227160227492 3839.4082351712791024 7285
349000000 307.9991480390859806 6425.6906041085494508 -65.752050429408910759 -1811.4645066429516191 -2097.3624329294716517 3843.0748891430148433 7285
350000000 310.69026907312183994 6481.8346267560691558 20.619834039409312254 -1793.7327577030896464 -2031.887354756880768 3846.2399464993795846 7285
351000000 311.84149354544609878 6505.852265512962731 -24.435396422043311304 -1814.2417488620671975 -2044.6863111691279755 3834.4926636091518048 7285
352000000 304.58065117994090087 6354.3715654429115602 60.973173264185248854 -1737.6046839968546465 -2068.7539766108766344 3867.3318338719163876 7285
353000000 303.35437191356550102 6328.7880818192443257 49.282761519298674102 -1789.8172329182364138 -2027.3936077909834239 3866.4936022285182844 7285
354000000 315.16955900072144914 6575.2846618750045309 -27.379775116167024862 -1816.6049711819871391 -2100.6152003177339793 3889.8403963835539798 7285
355000000 312.58103073049153409 6521.2810002078140315 -67.905438590729204407 -1812.6750655838245621 -2059.5499118116049431 3804.3195388047006418 7285
356000000 305.8696177025083216 6381.2628738306248124 -140.93618682805549724 -1829.0459697130663699 -2115.3429930760894422 3803.4527759611000874 7285
357000000 310.50170990595040621 6477.900775391460229 19.768282714407291678 -1834.126034422742805 -2019.8278575677845765 3873.7221747049343321 7285
358000000 310.82051339223318109 6484.5518735500309049 -77.304398922402413064 -1842.6984235314005218 -2033.2040068179630907 3798.5980314269609153 7285
359000000 307.60248757786263241 6417.4152000532740203 -12.49838509959761268 -1817.1429315103728186 -2108.8140032705268823 3913.4585496813019745 7285
360000000 306.19180129069536633 6387.9844900058378698 -62.149724744525116193 -1791.0207485311227629 -2088.700010820915395 3817.5710346075129564 7285
361000000 313.22352235103619478 6534.6851034192568477 18.44477482783963751 -1810.2683624176697776 -2042.3505422266239293 3871.0636794721335718 7285
362000000 311.39077110572316087 6496.4489831843347929 -33.756033396511583078 -1794.1938373402704201 -2082.5726488405489363 3843.0104527843077449 7285
363000000 313.28959771312219118 6536.0636131846968055 -113.41677461823110207 -1867.4431752778737064 -2065.8214833873657881 3819.8478840470079376 7285
364000000 316.18406844050196014 6596.4500573524946958 -143.7125683535444125 -1787.3263217577214164 -2114.7899858846340067 3758.4037392888108116 7285
365000000 310.39475739255709641 6475.6694583090184096 -89.713274232604504732 -1817.6489155690021562 -2094.1636721637396477 3822.0993135001367591 7285
366000000 310.1015404261780759 6469.5521637716065015 -20.781209006710554377 -1806.386961285319785 -2082.8650371400626682 3868.4707894186722115 7285
367000000 313.07085845538085778 6531.5001239602406713 21.019620012396103448 -1785.5000432895039921 -2052.8539916778099723 3859.3736549797099542 7286
368000000 309.01885564482023483 6446.9644473085090794 -48.780558578226418831 -1834.021234768676095 -2085.4587417492953136 3870.6994179397456719 7286
369000000 305.65760608422641553 6376.8397412595468268 -21.169543525047146204 -1797.4162358173500706 -2071.9382769027351969 3848.1849691950378656 7286
370000000 309.54464545517379293 6457.9338368851849737 48.950247665094025251 -1783.4045637291312687 -1964.1510486993429367 3796.505860093568117 7285
371000000 310.48006949768171125 6477.4492982722322267 -101.2138552009053285 -1784.2235725510415705 -2093.6548305746773622 3776.6645479248136326 7285
372000000 308.06193489590043555 6427.0005068094587841 -23.655527549612429539 -1740.829619523706242 -2083.4618141017708695 3800.635906075865023 7285
373000000 309.19291812004064468 6450.5958586895876579 48.243907942285375157 -1784.4713510097108156 -2081.2032581525281785 3913.9185171045241987 7286
374000000 311.10054053108365224 6490.3939928106292427 -30.786153677406900897 -1746.6935989590620011 -2073.701522252822997 3789.608967534477415 7286
375000000 307.37303125118825164 6412.6281239468889908 40.099359558730213848 -1808.604974283154661 -2026.8349365141448288 3875.5392703560296468 7286
376000000 312.68892640976673647 6523.5319942672349498 -59.163256889311213627 -1761.4050922075953167 -2093.4502487479262527 3795.6920840662101 7285
377000000 313.66367059936209216 6543.8677796756328462 84.049956718491159791 -1756.5256484722176538 -1999.3222555417601143 3839.897860732468871 7285
378000000 309.05412953515059371 6447.7003555313376637 149.52034767081136124 -1745.6554443644624826 -1948.6561194255386908 3843.8319114608125346 7285
379000000 309.57906110089771801 6458.6518398172402158 12.89402104701403573 -1793.8005435057921204 -2035.8365488636618466 3842.5311134164676332 7286
380000000 308.75966060702126015 6441.5569417046135641 7.0125015557250378606 -1799.2346615111405299 -2063.5611189493670281 3869.8082820162326243 7286
381000000 308.21917703815324785 6430.2810008058759195 -22.39317867712293264 -1761.6946801137587499 -2109.7042238425146934 3849.0057252791502833 7286
382000000 313.07079374760684232 6531.4987739820398929 -24.336867296809600703 -1803.6409690556754413 -2036.6109209489727618 3815.9150227078389435 7286
383000000 311.09398657620408812 6490.2572596847176101 -64.777564201144599565 -1775.6827373941048336 -2064.5042005000186691 3775.4093736929794431 7286
384000000 308.57300005776835405 6437.6627006161934332 59.120093776883493319 -1777.6823741366185914 -2038.5550363085158097 3875.3575042220177238 7286
385000000 309.21161531672373712 6450.9859324992548864 16.036103965701187235 -1786.1824735787395184 -2019.5817626221025876 3821.8003401665437195 7286
386000000 302.10145105435174173 6302.6487829153402345 -116.63115131861314921 -1816.6471116241277741 -2037.8685546189713023 3737.8845149244857566 7286
387000000 307.045892663693337 6405.8031331594447693 -96.048807133189541219 -1766.0164519777238183 -2102.3844099980237843 3772.3520548425581183 7286
388000000 306.65893018245151325 6397.7300550496875076 -80.444082657414327286 -1760.826432300306351 -2110.324654877791545 3790.7070045206837676 7286
389000000 306.24820725567337831 6389.1612701413760078 -20.568215870677988732 -1750.25603270751526 -2054.7997244193584265 3784.487541256195982 7285
390000000 309.75412813428073378 6462.304208983389799 -51.672647903940230663 -1754.0053327086745867 -2096.0304103431813019 3798.3630951479153737 7286
391000000 311.65504296828521547 6501.9624050071106467 -91.569135376072438248 -1841.1336465095719177 -2114.6892156638391498 3864.2537267973384587 7286
392000000 316.05504296963982824 6593.7582390111519999 -48.573067627205460894 -1843.6210147173387668 -2077.6222197268725722 3872.6701668170057928 7286
393000000 314.24346657510142222 6555.9638831139945978 9.8548705061424470841 -1776.9761816278614788 -2099.9248656054533058 3886.7559177394573453 7287
394000000 308.2392055879110444 6430.6988502214080654 -99.521582555965380834 -1817.0465690499668199 -2041.4488967586912622 3758.9738832526927581 7287
395000000 305.67049920077420211 6377.1087263472854829 -96.157943863442596921 -1780.386080836201927 -2128.9649462069942274 3813.1930831797531027 7287
396000000 314.51724290723973354 6561.6755937347825238 -12.322800544954958468 -1817.2508825625109239 -2076.2217334524939361 3881.149815470050271 7287
397000000 313.66546398866330492 6543.9051945998480733 -54.515256790888770411 -1786.484038974770101 -2072.1426205277948611 3804.1114027116764191 7287
398000000 309.26934736519382341 6452.190378302991121 -118.59414775973138489 -1831.4075185912824963 -2121.1447088816530595 3833.9580797132043699 7287
399000000 310.26249253688035878 6472.9100576879882283 66.017239016382831096 -1763.0232278670637243 -2015.9645708479902169 3845.0050377314373691 7287
400000000 306.47972508859987784 6393.991354812683312 -29.864156204572111619 -1787.4180127693348368 -2085.2444643481630919 3842.7983209129261013 7287
