# Steps Temp KinEng PotEng Epair Ebond Eangle Bonds
301000000 310.11426718199743391 6469.8176781271167783 -20.581929317600639706 -1801.5235788017557752 -2060.7428508449424953 3841.6845003290977729 7285
302000000 310.67362487142378313 6481.4873839434021647 -175.39973520802882945 -1851.9525564297607616 -2066.2716529165418251 3742.8244741382741267 7285
303000000 306.32929025612509122 6390.8528796067676012 -5.6996566776516601749 -1736.4400795171081882 -2056.0356579218682782 3786.7760807613240104 7285
304000000 310.14022295437899857 6470.3591853480829741 90.556124213371219867 -1859.3710498899249615 -1987.8984975007863341 3937.8256716040823449 7285
305000000 311.50292901622992758 6498.7888988506865644 -77.418240571836605568 -1807.2546518313977231 -2145.0928074491330335 3874.9292187086948616 7285
306000000 313.61103696154731324 6542.7697004305455266 -60.691958000884483226 -1819.8760443798917095 -2114.0218771987597393 3873.2059635777668518 7285
307000000 314.2488122677397655 6556.0754086398846994 -68.319371002769486267 -1811.0699365132197727 -2055.5444430728234693 3798.2950085832735567 7285
308000000 311.67829966486885951 6502.4476022476601429 64.521183860910269914 -1804.3690110049251416 -1995.8637496071985424 3864.7539444730336982 7285
309000000 310.39544648367871105 6475.683834603152718 -74.607277444588106619 -1821.3493485429712564 -2109.1969446523025908 3855.9390157506854848 7285
310000000 307.82435019575541446 6422.0438509708910715 -81.654502031677424156 -1812.062281772562983 -2087.5163771447773797 3817.9241568856632512 7285
311000000 309.006406385880382 6446.7047222842447809 -0.11079117575226860026 -1847.5263559806683134 -2022.435962956532876 3869.8515277614487786 7284
312000000 311.29199570774193262 6494.3882627220673385 0.63184686565114134282 -1812.1197808953925232 -2013.5119890395815219 3826.2636168006247317 7285
313000000 306.91369221645862808 6403.0450762717446196 66.276721459371145784 -1776.6230452949216669 -2029.0846787610214506 3871.9844455153142917 7285
314000000 313.08287774492907829 6531.7508786665757725 -26.480891185789431574 -1765.5111320556336523 -2068.7242743804354177 3807.7545152502793826 7285
315000000 312.83710328174032611 6526.6233623442212775 68.764543627494447264 -1754.0443101228011074 -2079.3507383750816189 3902.159592125377003 7285
316000000 313.50199113596841016 6540.4947112258651032 -121.21357524434736774 -1786.3010080876474603 -2032.384357351174458 3697.471790194474579 7285
317000000 312.2169369812644959 6513.6850253542543214 -110.26328306288289127 -1774.7536299183893789 -2150.0041043836617973 3814.4944512391689386 7285
318000000 309.4543669935150092 6456.0503853674536003 -82.831139898043119274 -1811.3357549419272345 -2044.7676919120742696 3773.2723069559579017 7285
319000000 312.34662490183558248 6516.3906641782104998 6.9193107280194681152 -1780.3084642850139971 -2068.4093842212805612 3855.6371592343139127 7285
320000000 310.85198418146927679 6485.2084388554412726 -54.487453967636241714 -1774.1457273072758198 -2098.642189891948874 3818.30046323158831 7285
321000000 307.10188930914301864 6406.9713737887395837 -21.63837544467824614 -1771.3700087398524374 -2031.3039047333732015 3781.0355380285473075 7285
322000000 310.18820480142295537 6471.3602157265140704 -38.886048610623021204 -1796.712072363327934 -2035.7772960826691815 3793.6033198353738953 7285
323000000 306.50095242549252816 6394.4342141520346559 -42.077712235798713891 -1698.370474189197239 -2077.2876941702515978 3733.5804561236500376 7285
324000000 309.15195453270797543 6449.7412480846242033 -74.846545734979741837 -1755.3914732012331115 -2103.2754142658313867 3783.8203417320851258 7285
325000000 311.39842912502263061 6496.6087500634703247 -71.11245045892150074 -1794.9423501823257538 -2114.0499890523155955 3837.8798887757197917 7285
326000000 313.66167424191121427 6543.8261302899245493 -78.308509622899492797 -1814.7069708982276097 -2101.7778521611239739 3838.1763134364518919 7285
327000000 317.14783873213792731 6616.556897734722952 -179.53258006528619717 -1776.1838021160886001 -2112.8769185419241694 3709.5281405927271408 7285
328000000 311.31353615894920495 6494.8376544681550513 -46.383723003191477119 -1787.4481123540454064 -2044.1286709991559292 3785.1930603500095458 7285
329000000 310.33055609049688428 6474.3300464760750401 -165.46262313305211933 -1856.0373854551339718 -2101.6368097293502615 3792.2115720514316308 7285
330000000 313.03270930486536372 6530.7042300768225687 -93.595342417009590008 -1818.5392892786171615 -2054.3693570913023905 3779.3133039529102462 7285
331000000 306.67025009085529064 6397.9662187843359789 -51.414237612062549942 -1817.7450970075897203 -2005.3500311917898671 3771.6808905873167532 7285
332000000 313.85578686149028727 6547.8758416079890594 59.467328031700986912 -1783.697607223748264 -2021.0791663586674076 3864.2441016141165164 7285
333000000 312.02895364606717976 6509.7631873933487441 -96.843249363311599609 -1801.522302141398086 -2059.6843586852087356 3764.3634114632950514 7285
334000000 308.89609017997599949 6444.4032295292363415 -53.998041723644746526 -1786.8017338289484996 -2056.4666922382612029 3789.2703843435656381 7285
335000000 305.60555386478739592 6375.7537919655251244 -7.0510599227964689817 -1783.0190515212750597 -2059.8235286553867809 3835.7915202538656558 7284
336000000 310.88267593371102748 6485.8487513538975691 -80.555714470536827321 -1794.7005551299414492 -2086.6645561806863043 3800.8093968400908125 7284
337000000 315.2035874132654385 6575.9945860814477783 -9.2273694890294564175 -1767.9655168957174283 -2079.4400109221928687 3838.1781583288802722 7285
338000000 308.50147038025716029 6436.1703991613849212 -24.264671032334547363 -1821.4092400744898441 -2047.6877376474390076 3844.8323066895945885 7285
339000000 308.73578506877896643 6441.0588337626650173 12.047135328260026199 -1751.6158144848295706 -2009.271286291084607 3772.934236104174488 7285
340000000 307.41093131354790557 6413.4188211814425813 27.608103087864606096 -1764.1470205170267036 -2043.3854286327634782 3835.1405522376544468 7285
341000000 311.49431869754465652 6498.6092644451155138 -37.234064249918702671 -1783.1380592671964678 -2082.5677717333433066 3828.4717667506211001 7284
342000000 307.26975652430530772 6410.4735353826063147 32.2886799490808869 -1814.1943485644960674 -2005.0445297628348271 3851.5275582764115825 7284
343000000 310.40667978596172816 6475.9181915011922683 -0.84970145392730955791 -1784.5626989629950003 -2030.6589314632392416 3814.371928972306705 7284
344000000 309.66920150923289157 6460.5324111713407547 -77.169718107693313414 -1804.6965703578573539 -2084.2728085018111415 3811.7996607519753525 7284
345000000 314.26609252549098983 6556.4359212925191969 -15.085687534287131939 -1796.8607063430081325 -2048.3088654975845202 3830.0838843063056629 7284
346000000 316.21639952538509988 6597.1245707389007293 68.03047608260996526 -1698.6076216138269501 -2060.8924295240790343 3827.5305272205155234 7284
347000000 305.99525393937096851 6383.8839836352581187 -36.988069096809653047 -1776.0378076737176798 -2040.4228394329791172 3779.4725780098870018 7285
348000000 308.64586507722293618 6439.1828608953974253 40.086696353891568378 -1827.2642815346894167 -2064.9144087315694378 3932.2653866201508208 7285
349000000 312.29545486414957622 6515.323119568220136 40.674157324623394061 -1751.5181399196071652 -2035.0803739728494293 3827.2726712170801875 7285
350000000 309.33967645314010042 6453.6576322304426867 31.980636087605546436 -1741.7706229006266767 -2029.6957323803792406 3803.4469913686111795 7285
351000000 311.99633308194160008 6509.082634691378189 -43.088475610710872843 -1801.9333112393753709 -2069.7667804620232346 3828.6116160906876758 7285
352000000 315.64039713543422749 6585.1076117030870591 5.1026678539868157713 -1793.0846741570458107 -2084.0812364804178287 3882.2685784914506257 7285
353000000 314.17876585745051443 6554.6140521286324656 8.6547720143285289396 -1799.2093980033978369 -2064.4688867484810544 3872.333056766206937 7285
354000000 312.75552308956395109 6524.9213801222358597 -124.75723396181405178 -1853.5534087460191586 -2107.5805067054880055 3836.3766814896935102 7285
355000000 311.54295666129002029 6499.623983182590564 21.823640511310941292 -1767.1278475512444857 -2083.784440562297732 3872.735928624853841 7285
356000000 306.61121936545407607 6396.7346790869723918 134.35378476902877765 -1752.7372132450482241 -2001.3956890941935853 3888.4866871082704165 7285
357000000 310.18658547468425013 6471.3264322155009722 -59.229818827398190706 -1841.2896239106253233 -2065.2119927671419646 3847.2717978503692393 7285
358000000 310.82047135383123759 6484.5509965159026251 -82.03548951744036799 -1776.0238689823238474 -2070.3507666226801121 3764.3391460875636767 7285
359000000 309.9413314937917221 6466.2097745537030278 56.822086359205940198 -1764.7928327110807913 -2010.5809870806647268 3832.1959061509514868 7285
360000000 310.54348124542354981 6478.772237878555643 -6.3447202075190602955 -1791.4720577638529448 -2061.4628518622635056 3846.5901894185972196 7285
361000000 308.79361979582859021 6442.2654217177296232 102.01291221833116651 -1826.6312883210623568 -1974.8867949692125876 3903.5309955086063383 7285
362000000 306.76599256401902949 6399.9636642777386442 54.909078049533206922 -1785.461351915520936 -2051.1042074629067429 3891.4746374279607153 7285
363000000 309.18130997549701533 6450.3536815738389123 -44.193741292420838818 -1758.5876558331319757 -2086.014975458335357 3800.4088899990465507 7285
364000000 316.14213142005496593 6595.5751383146780427 22.152899477386711169 -1804.7779117021086677 -2042.0264536068391408 3868.9572647863342354 7285
365000000 309.31535198332016989 6453.1501583683657373 -21.350550168991048849 -1762.6780119545155685 -2065.4203228457181467 3806.7477846312435759 7286
366000000 311.93019342550348938 6507.7027835728313221 -2.7728944710466407741 -1739.6414241162883627 -2034.7737482922057097 3771.6422779374470338 7286
367000000 304.94739124676931397 6362.0227495990138777 73.722173130153180409 -1736.3379700110413069 -2041.3437204448937337 3851.4038635860879367 7286
368000000 308.10303677963509017 6427.8580026493218611 -86.244889692015306082 -1717.5163356983557605 -2080.5843632105502365 3711.8558092168905205 7285
369000000 311.49794361061583459 6498.6848898811285835 54.470942859137750247 -1754.4045628823037077 -2044.6499037092276012 3853.5254094506681213 7286
370000000 310.34605134816547434 6474.653319226156782 -87.78978075673964554 -1766.7922513527671526 -2093.8600039912516877 3772.8624745872798485 7286
371000000 310.50604443336118266 6477.9912052911331557 -38.730327306894054118 -1760.1157455042659876 -2084.6624637640584297 3806.0478819614304484 7286
372000000 314.6615827837811139 6564.6869117673004439 -90.588770515807254924 -1824.8401064130650866 -2127.6080031065716867 3861.8593390038295183 7286
373000000 311.72678349350042026 6503.4591053121084769 -40.679413754157934591 -1785.2375221533791319 -2091.6112645507146226 3836.1693729499361325 7286
374000000 305.08949390000208268 6364.9873931362117219 -71.221147882716934419 -1757.0694987545250569 -2136.7587919344455258 3822.60714280625416 7286
375000000 312.63265625077298182 6522.3580474097843762 40.181704117622615513 -1795.309171936482926 -2058.1157583391805019 3893.6066343932857308 7286
376000000 316.57940552618185848 6604.697852234662605 -68.064798433905679076 -1812.4942755302913611 -2085.2180710197872031 3829.6475481161728567 7285
377000000 311.54581723395438075 6499.6836624219931764 -74.18310808516540078 -1822.51553122133123 -2057.0632634364383193 3805.3956865726040633 7286
378000000 309.71098404632544998 6461.4041072708942011 -122.48358276182628401 -1817.6090050726979825 -2087.9983201457112045 3783.1237424565833862 7286
379000000 306.73218007010387964 6399.2582447146151026 10.908961926145735788 -1710.1214976719220431 -2077.823666937134476 3798.8541265352023402 7286
380000000 312.09259856539625844 6511.0909915861057016 -93.813322386053414448 -1810.1434006464833146 -2125.7154500052415642 3842.045528265671237 7286
381000000 309.16590036806707076 6450.0321957180958634 -30.883595940679811065 -1792.2839836772113813 -2021.2359834178632809 3782.6363711543945101 7286
382000000 311.74890842915220901 6503.9206909757031099 46.793319068014199047 -1754.3550369407648759 -1955.7732824384318064 3756.9216384472110803 7286
383000000 310.79321178862096531 6483.9822886699266746 17.993452811779292233 -1810.4098369982978056 -2021.5941514216399355 3849.9974412317169481 7286
384000000 307.89795043877040825 6423.5793499909777893 -81.352014728833239587 -1793.7440617889083114 -2113.7953158835039176 3826.187362943579501 7286
385000000 313.09572823650358941 6532.0189744827303002 -41.68870834423032079 -1802.1734259778131673 -2101.0522220123339139 3861.5369396459173004 7286
386000000 308.07195570927535755 6427.2095679278381795 -51.319535254210109088 -1819.1186647589033782 -2040.6796273234263026 3808.4787568281194581 7286
387000000 310.59109803291977414 6479.7656521329790849 36.748888935907018549 -1784.8445775166792373 -2044.5286471905933467 3866.1221136431795458 7286
388000000 310.55234735348244612 6478.9572087384167389 -62.461455112182420635 -1795.3054273908555842 -2077.1165831999069269 3809.9605554785798631 7286
389000000 306.06703371296401883 6385.3815027669779738 8.2292033202404297754 -1771.1314241066718296 -2068.1334702260037375 3847.4940976529160253 7286
390000000 307.34548086914378473 6412.0533488795881567 -62.745503568800216954 -1787.5801115858243975 -2087.4699857031155261 3812.3045937201395645 7286
391000000 313.999083653515072 6550.8653980920726099 -19.520017560729883144 -1821.5364439943964499 -2061.9331331768798918 3863.9495596105462027 7286
392000000 307.65459725271909974 6418.5023480218314944 -34.473341452436699228 -1767.5594722617347543 -2130.9287507649223699 3864.0148815742199986 7286
393000000 304.68023133680304682 6356.4490753398658853 -84.622135887288806089 -1821.562318392992438 -2035.1789746875958826 3772.119157193299543 7286
394000000 310.08066241832818832 6469.1165923756216216 -25.080484443271075179 -1779.9396853743362499 -2075.1095840541829602 3829.9687849852475665 7287
395000000 306.02301852524533388 6384.4632275705598659 -12.159354930644610704 -1805.5835267280226617 -2091.9927131481881588 3885.4168849455659256 7287
396000000 307.10910643322534952 6407.1219424078408338 -85.984474192502233336 -1773.1217030042284932 -2138.058736956787925 3825.1959657685142702 7287
397000000 310.91925649801828513 6486.6119203102362007 -49.250568512771991436 -1749.7321883470835928 -2116.5473431748396251 3817.0289630091510844 7287
398000000 311.79649678241793254 6504.9135120156033736 -36.883627835290155872 -1826.5314695154984292 -2078.6728314602523824 3868.3206731404607126 7287
399000000 309.1774477372267711 6450.2731048958776228 -9.1915070293847520588 -1828.9201826251305647 -2027.0593870097263789 3846.7880626054720778 7287
400000000 318.67976266848108935 6648.5169512174679767 -35.504122527667419718 -1801.6908279761632912 -2089.4562019177787988 3855.6429073662748124 7287
