# Steps Temp KinEng PotEng Epair Ebond Eangle Bonds
301000000 307.40074057422168607 6413.2062149506973583 112.11873707033274172 -1747.5223937149685298 -1963.4437831833008659 3823.0849139686019953 7284
302000000 313.47168746213515078 6539.8624950867615553 -50.608954389349804615 -1792.6041562485422673 -2048.0514673424254397 3790.046669201617533 7285
303000000 310.6483879716971046 6480.9608743394537669 -117.57701725865408093 -1797.2443750272998386 -2110.8392666216659563 3790.5066243903115719 7285
304000000 306.61150384107708078 6396.7406140135772148 75.734248646490129886 -1752.6874418495822283 -2041.0186722704397653 3869.4403627665119529 7285
305000000 310.63015783218668275 6480.5805445985779443 -13.080162951940138782 -1799.6143489870046324 -2047.6410758755987445 3834.1752619106632665 7285
306000000 307.78215495236514698 6421.1635447079779624 -8.5178018601856706482 -1740.6083997968535186 -2141.0214858851313693 3873.1120838217989331 7285
307000000 310.79144375501789455 6483.9454027337696971 -16.336648480507193426 -1781.9481240121131123 -2022.1451097885701529 3787.7565853201758728 7285
308000000 315.17907669788206704 6575.4832266360017456 -50.102766443175738686 -1815.1490487730775385 -2032.7070681327927559 3797.7533504626940157 7285
309000000 313.92751007838154464 6549.372180814798412 97.84220908405575301 -1722.8286785209804748 -2058.1275735365679793 3878.7984611416040934 7285
310000000 306.66696654194839766 6397.8977151229028095 7.7089957394671557722 -1800.2909275493707355 -2134.7152717766416572 3942.7151950654797474 7285
311000000 309.64352012845859008 6459.9966284972897483 52.333676853604970347 -1773.3376083475322957 -2045.1043770990625035 3870.7756623001996559 7285
312000000 308.9441105517501569 6445.405063637153944 -65.750293349268929433 -1848.24669828121705 -2072.3393930266629468 3854.8357979586107831 7285
313000000 309.15130565660803086 6449.7277107840009194 -73.104869044026315805 -1824.974949093106261 -2070.6979882277651086 3822.5680682768447696 7285
314000000 317.00739617057229225 6613.6268881745836552 34.66271043801543783 -1806.226938005658667 -2005.7196602949875341 3846.6093087386616389 7285
315000000 306.26254260875532509 6389.4603441621702586 -63.014324698062438301 -1813.3661588217319149 -2039.8748967199319395 3790.2267308436012172 7285
316000000 311.42706685767257113 6497.2062101888741381 -151.27810425446725162 -1795.2006899693512878 -2089.9286226562353477 3733.8512083711198102 7285
317000000 305.22698021442948857 6367.8557274301028883 -67.129751182418800681 -1798.093757181342653 -2026.5162368661108303 3757.4802428650345973 7285
318000000 311.8213774145519892 6505.4325889193742114 -6.8113608085470787046 -1750.1941781412242563 -2025.6066526449283174 3768.9894699776054949 7285
319000000 311.50300052227629521 6498.7903906591318446 132.61147050285873661 -1708.936465032945307 -2013.8200472287458069 3855.3679827645501064 7285
320000000 312.70279616017927538 6523.821354564088324 -45.423654332346444562 -1752.6019060700728005 -2088.1808057474022462 3795.3590574851291422 7285
321000000 309.26243342023275318 6452.0461348157723478 13.01316386992829166 -1768.3757816960796845 -2020.7484360624953297 3802.1373816285031353 7285
322000000 310.7454058165517381 6482.984927516490643 73.049916003842071177 -1753.7316200714458319 -2010.4056145615081732 3837.1871506367961047 7285
323000000 310.9959910293714529 6488.2128090148507908 -44.676373171530968875 -1805.4570169854900996 -2091.6602555012309494 3852.4408993151901086 7285
324000000 311.29752735899415939 6494.5036678447859231 9.1580692446742375523 -1814.5032537739862164 -2037.9251837479530423 3861.5865067666136383 7285
325000000 300.87688797510708127 6277.1011035709734642 -7.707394560897739666 -1831.9139170104224377 -2033.5229158628064852 3857.72943831233124 7285
326000000 313.42216975298566695 6538.8294224940464119 24.544740494906392314 -1777.2294552837738593 -2062.4197251313007655 3864.1939209099809887 7285
327000000 311.64305285009055524 6501.7122588936681495 38.453933125637206558 -1842.2552223450602469 -2020.3591205853879273 3901.0682760560857787 7285
328000000 315.25730118607486929 6577.1151998475897926 5.2324813988247171892 -1819.144537581986242 -2021.5752129936174697 3845.9522319744282868 7285
329000000 311.68081880457663146 6502.5001582772911206 -0.60018232865297704848 -1796.6313710625645399 -2084.5510868546880374 3880.5822755886001687 7285
330000000 311.29496822175286752 6494.450277359030224 64.449242796557001611 -1722.0811688703754498 -2039.3160461316720102 3825.8464577986046606 7285
331000000 316.68614715040570218 6606.9247696018346687 9.6825776257207678555 -1771.0959469464687572 -2059.7701906510419576 3840.5487152232317385 7285
332000000 309.97295682997764743 6466.8695641241465637 117.33812650225598873 -1746.4639302623754702 -1989.8171149442732712 3853.6191717089041049 7285
333000000 308.39633110426638041 6433.9769110879342406 86.433230512653693722 -1777.7936017236913813 -2011.9167029204122628 3876.1435351567570251 7285
334000000 309.64962616960178821 6460.1240169379780127 -106.43522651548465774 -1793.2901772173393056 -2093.7950704507456976 3780.6500211525999475 7285
335000000 311.77705804126730982 6504.5079675939305162 38.91588242012787191 -1762.239936709677977 -2030.3744025013793362 3831.5302216311856682 7285
336000000 310.48907679513064295 6477.6372147225038134 37.00941451030701046 -1764.6870868745413645 -2042.1501636728894482 3843.8466650577379369 7285
337000000 309.79525425081885714 6463.1622103847084873 52.385144814229647636 -1754.816264294789562 -2084.071236307197978 3891.2726454162170739 7285
338000000 315.13879300018987806 6574.6428003575283583 107.00669634802684982 -1762.5064881000726018 -2005.5672524217302453 3875.0804368698300095 7285
339000000 304.63473636572683745 6355.4999278826744558 -24.466062396633844855 -1726.7670394255901556 -2116.1734477708928353 3818.4744247998487481 7285
340000000 304.32837593047463542 6349.1084252346836365 -46.907437075509932356 -1786.5954086716292295 -2070.9653311823540207 3810.6533027784735168 7285
341000000 311.04962139861032711 6489.3316827581948019 31.477451276153999515 -1732.3873931896503109 -2048.0453347158272663 3811.9101791816315199 7285
342000000 309.47888166470374927 6456.5618273416375814 10.907894797118586894 -1783.0445122536305007 -2077.4643193434644672 3871.4167263942135833 7285
343000000 314.61765039520150822 6563.7703639836154252 35.708329955982947013 -1751.4911139511771125 -1985.5037807789667568 3772.7032246861272142 7285
344000000 311.39045990350746251 6496.4424906691237993 -40.687603552063649204 -1771.5513801415968373 -2046.8305277746517277 3777.6943043641854274 7285
345000000 311.59308323616323833 6500.6697583518716783 -15.372566702557264762 -1762.0269994301042971 -2049.1553670245070862 3795.8097997520544595 7285
346000000 307.98282853556008831 6425.3501353730425762 -81.494477866838650471 -1832.3049220157208765 -2078.8549458359866549 3829.6653899848688525 7285
347000000 309.49623482176559719 6456.923860869957025 -75.436927239492860053 -1800.1300888663506612 -2119.1816206046578372 3843.8747822315153826 7285
348000000 309.31623963387670528 6453.1686771463464538 -20.854054942467769251 -1764.565243773799466 -2075.6905076432435635 3819.4016964745756013 7285
349000000 308.81299071076034579 6442.6695511020552658 48.363093298055048308 -1797.4960898546512453 -2049.2269247238123171 3895.0861078765187813 7285
350000000 310.68840279785132452 6481.7956912345043747 19.765066191802560525 -1756.033082688160448 -2053.5181223318222692 3829.3162712117855335 7285
351000000 309.41806923813203412 6455.293116565901073 -121.82614658906004479 -1812.8538335963771715 -2074.9284576002860376 3765.9561446076027096 7285
352000000 307.03886499332662652 6405.6565170543944987 -87.526428430346726373 -1796.5679049780806054 -2074.5562298915574502 3783.5977064392909597 7285
353000000 312.05324245187523502 6510.269917208217521 -16.703887350395802969 -1776.5309729779055488 -2063.0621504196483329 3822.8892360471581924 7285
354000000 303.40697570204719113 6329.8855383269628874 25.04394419582550313 -1788.4172656829682637 -2053.57292499803998 3867.0341348768342868 7285
355000000 316.31227762941352921 6599.1248458569252762 99.698313973418350997 -1693.1682250404428487 -2037.1528826126159402 3830.0194216264771967 7285
356000000 310.99378924305051441 6488.1668738304042563 -82.766777573461382644 -1828.1912341791730796 -2065.3078077428294819 3810.7322643485413209 7285
357000000 312.12893783763388456 6511.8491265409074913 53.609934916210505662 -1805.1880089454302833 -1988.6728009417684007 3847.4707448034087065 7285
358000000 308.31191617541747974 6432.2157886348222746 12.678802978063998808 -1793.5309621202954986 -2051.4094988478591404 3857.6192639462187799 7285
359000000 310.58462421421842237 6479.6305908632748469 29.664205123825468036 -1721.3296223715676661 -2096.221895830738049 3847.2157233261314104 7285
360000000 311.82552323459788113 6505.519081875880147 14.223989087631167649 -1766.7833706705791883 -2030.6960752980803591 3811.7034350562903455 7285
361000000 307.85129996026796562 6422.6060955410912356 40.810506317320118796 -1809.0460932925279849 -1997.2364044685507452 3847.0930040783987351 7283
362000000 311.77389748731985719 6504.4420299381508812 44.375702924428196638 -1735.3846979166762594 -2022.8620245256838643 3802.6224253667883204 7284
363000000 315.42921942373300226 6580.7018766661067275 -92.765877038501940888 -1797.0849797740588656 -2029.2340977803601163 3733.5532005159170694 7284
364000000 308.46487429716682982 6435.4069064414934473 22.313470854384036102 -1736.2690920770144203 -2076.402671711136918 3834.9852346425345786 7284
365000000 313.14629343500263303 6533.0739005205423382 39.841411280449989363 -1727.5517265604635213 -2038.0234434405101638 3805.4165812814230776 7284
366000000 305.05345640999559009 6364.2355541704073403 -43.325150451971893517 -1774.8425621389683329 -2062.3334889602010662 3793.8509006471977045 7284
367000000 311.18108741686324947 6492.0744174820583794 46.875194448977282491 -1754.9075722128313828 -2003.7276407536583065 3805.5104074154673981 7283
368000000 303.65543183488239265 6335.0690014906003853 -121.13917783505974057 -1834.3340195496423348 -2103.7561394474778353 3816.950981162060998 7285
369000000 313.83136969197983035 6547.3664337810478173 21.550353220745421368 -1773.2820677266818166 -2030.9841357210584647 3825.8165566684856458 7285
370000000 308.95680323377803234 6445.6698671217300216 -76.584782413740384754 -1736.0442677873193134 -2098.2928731154120214 3757.7523584889913764 7285
371000000 314.09352208299446829 6552.8356377269419681 -82.230875574340245748 -1789.9074544058710217 -2032.2230841581315417 3739.8996629896623745 7284
372000000 310.29397677757009433 6473.5669036268991476 82.389275164995609657 -1742.8629985370698705 -2004.5993604167522335 3829.851634118817401 7283
373000000 307.63544308431687568 6418.1027405530603573 56.024845192910703418 -1790.7639966571232435 -2002.3367516030584738 3849.1255934530922787 7283
374000000 312.72153247483481664 6524.2122444798696961 16.70131355837415299 -1746.3630413225769189 -2048.6239434109543254 3811.6882982919055394 7283
375000000 308.02968493287414731 6426.3276858431663641 110.37920639838108627 -1764.4631880650686071 -1997.0053050809160595 3871.8476995443656961 7283
376000000 309.26671329891541973 6452.1354245959973923 -24.016297157082505009 -1797.9606815368269963 -2029.7261309556406559 3803.6705153353850619 7283
377000000 309.09819922803069403 6448.6197678520165937 111.2858537745112244 -1791.9018455846039615 -2004.5400691053509945 3907.727768464465953 7283
378000000 308.94863451867178128 6445.4994457545280966 16.449692930797965573 -1766.4785834929029988 -2023.8201844349589464 3806.7484608586601098 7283
379000000 315.11799771644052726 6574.2089548087706135 -74.626081479607620395 -1811.7724574024596222 -2086.3628464586417977 3823.5092223814940553 7283
380000000 309.90395160628355598 6465.4299295655819151 -25.310777700375638233 -1779.2603183992921458 -2040.4975408814693765 3794.4470815803861115 7283
381000000 307.89980624257196951 6423.6180670495368759 89.967571704624248241 -1761.6828743846817815 -2019.157703141253478 3870.8081492305600477 7283
382000000 315.27373704873389215 6577.4580961475667209 -20.517339359233488949 -1780.0169032787821379 -2073.0930069432306482 3832.5925708627796666 7283
383000000 309.89220483160772801 6465.1848602524241869 99.406307021255827294 -1719.6236641966220304 -1968.7774244561014712 3787.8073956739790447 7283
384000000 309.93314905871926612 6466.0390669511061787 134.64364009557266399 -1763.6311160989816926 -2017.2196562663777968 3915.4944124609323808 7283
385000000 314.7140753437184344 6565.7820477484301591 70.499241856275745022 -1767.241806901707605 -2069.0806700734938204 3906.821718831477483 7283
386000000 313.98559538583532458 6550.5839965510385809 -63.956660265877360416 -1755.9363421378011481 -2124.9831796610023957 3816.9628615329261265 7285
387000000 309.17179353680995746 6450.1551430679855912 -31.192294358440904034 -1772.6351871282240609 -2081.7230371153405031 3823.1659298851236599 7285
388000000 312.50505777760980664 6519.6960000784092699 -78.868449334971359121 -1779.2150246466835597 -2112.1774820044788612 3812.5240573161909197 7285
389000000 309.40482475708495258 6455.0168010696979763 69.146868195303426319 -1738.5279415590200642 -2012.5538556891187909 3820.2286654434419688 7285
390000000 308.05394638478634306 6426.83384498219948 -53.322921054813747332 -1794.4566051477127075 -2061.2787023470045824 3802.4123864399034574 7285
391000000 310.470124195245603 6477.2418125151270942 -98.683591929212752802 -1853.0652413981165409 -2142.4251430243270988 3896.8067924932306596 7286
392000000 308.71898882649674078 6440.7084189744937248 -84.620605600052755335 -1795.4811080344325092 -2071.3458828552156774 3782.206385289595346 7286
393000000 309.60943802543812353 6459.2855841631044314 -96.583313833472487886 -1756.8643721017178905 -2138.9319100532911762 3799.212968321536664 7286
394000000 313.52612909992797086 6540.9982940740801496 -18.218775879301432497 -1803.7192581860385872 -2058.1860374768152724 3843.6865197835527397 7286
395000000 308.36207033628949148 6433.2621393222325423 97.414792006037572492 -1761.879040584025006 -2014.2683137307737979 3873.5621463208362911 7286
396000000 313.60531152339797245 6542.6502523919552914 -34.675272717286645729 -1802.2807972239081664 -2096.470539213209122 3864.0760637198309269 7286
397000000 308.94514066433720245 6445.4265545562484476 35.284387718604278916 -1824.0146955882692055 -2017.1508940266626269 3876.449977333536026 7286
398000000 310.22375599028970328 6472.1019091426169325 42.917621839909799064 -1805.1488037197000267 -2025.9804326766263785 3874.0468582362364032 7286
399000000 309.85031491457345965 6464.3109239184841499 -111.7766355013182249 -1800.6383290820599541 -2076.4246865056784372 3765.2863800864201949 7286
400000000 311.42847609731012426 6497.2356107179193714 -53.435240771444568963 -1809.3396437340688863 -2027.7700966311540469 3783.674499593778819 7286
