# Steps Temp KinEng PotEng Epair Ebond Eangle Bonds
301000000 311.80436245955820596 6505.0776111958030015 41.142025830272473286 -1782.0452390356604155 -2049.1216829109034734 3872.3089477768367033 7285
302000000 311.17853368640402323 6492.0211397963194031 37.046777818040112606 -1797.6285042674185206 -2013.3069669428837187 3847.9822490283422667 7285
303000000 315.38327125172241949 6579.7432742185219468 -31.994162078900558299 -1775.0788798162363946 -2054.1048289359951013 3797.1895466733312787 7285
304000000 310.74391074613436103 6482.9537363265326348 45.031783655372265684 -1776.42482967264732 -2064.1438953028218748 3885.600508630841432 7285
305000000 308.0563639255476005 6426.8842813845512865 -0.12626315040731128647 -1759.870524391609024 -2023.4918317969181771 3783.236093038119634 7285
306000000 310.80465859574911747 6484.221099853265514 -31.172969702077466536 -1839.465166769557527 -2060.534660164772049 3868.8268572322522232 7285
307000000 310.33214502296658566 6474.3631958808909985 12.144962525323279579 -1823.8601425182087041 -2010.8744146236022061 3846.8795196671344456 7285
308000000 318.79815501192035754 6650.9869339225488147 -66.818542668090657344 -1802.1669489843138763 -2020.3977332511014993 3755.7461395673253719 7285
309000000 307.19294113779130839 6408.8709598218738392 2.2816841165479786468 -1803.2111002149083561 -2044.3221945985221737 3849.8149789299786789 7285
310000000 312.94270967618405166 6528.8265957649336997 184.53909513995461111 -1783.332917901564997 -1976.3930796344825467 3944.2650926760024959 7285
311000000 312.08950320037570236 6511.0264139466689812 -114.9580334785184732 -1781.0042225984984725 -2119.2169910134734891 3785.2631801334537158 7285
312000000 307.25550461674134795 6410.1762022597476971 69.184485524861514705 -1755.2775963063381823 -2031.9067470039030923 3856.3688288351022493 7285
313000000 309.96139918169211569 6466.6284404961534165 -190.1491399208851476 -1851.7275703250875267 -2142.1056166237913203 3803.6840470279935289 7285
314000000 307.82362921929995991 6422.0288094629358966 -44.108807545760100766 -1808.2240131067551374 -2087.5954912062775293 3851.7106967672721112 7285
315000000 305.77041458293325604 6379.193229945535677 2.5672425298284053952 -1775.2136866683958942 -2056.9377495268136045 3834.7186787250375346 7285
316000000 315.58299973506620972 6583.9101475588086032 -83.520309529122755521 -1778.1145790784075871 -2073.8410389832688452 3768.4353085325533357 7285
317000000 309.53296223515150132 6457.6900934930326912 -85.235265043627492787 -1796.2855466941305167 -2154.8093957451783353 3865.8596773956810466 7285
318000000 310.94510572891897482 6487.1512047893638737 5.9094363109364564934 -1772.2200193362295977 -2040.3461314253625005 3818.4755870725280147 7286
319000000 307.89296761340244757 6423.4753948522948122 1.7252066389760045695 -1776.3944750601899614 -2065.5561502732543886 3843.6758319724199282 7286
320000000 310.75114561253161582 6483.1046750980422075 16.480491114167932665 -1777.2705144173382905 -2024.1533542129839134 3817.9043597444906482 7286
321000000 306.89711996839912445 6402.6993346054996437 -18.132726974745366988 -1767.0556295708902326 -2063.1084363481259061 3812.0313389442708285 7286
322000000 305.96531801697204855 6383.2594397801567538 36.138294591449692916 -1763.7866051602927655 -2062.2301994458639456 3862.1550991976055229 7286
323000000 311.62259303816398415 6501.2854121893988122 164.46308013691663064 -1742.2945046146101049 -1976.0335458546587688 3882.7911306061855612 7286
324000000 311.31308028136447774 6494.8281436356364793 -46.380531590509093576 -1772.0223378126070202 -2097.0492235591664212 3822.6910297812646604 7286
325000000 312.35256060726311489 6516.5144989577456727 -10.305950310764416145 -1784.0636340801304414 -2065.2242964272777499 3838.9819801966432351 7286
326000000 309.65290329519348234 6460.1923865917806324 102.22984505701242597 -1736.9708606301651344 -2017.1651871563440181 3856.3658928435211237 7286
327000000 316.94998898860194458 6612.4292199597721265 -84.354553326464127849 -1768.303217244148982 -2115.0195272256441967 3798.9681911433294772 7286
328000000 316.27843579937467666 6598.4188142633611278 -99.496441826704767664 -1777.6387266979431843 -2086.4808169632124191 3764.6231018344506083 7286
329000000 312.50048876364769512 6519.6006781586147554 -21.942524791476841983 -1795.047322031213298 -2040.7998936463554855 3813.9046908860918847 7286
330000000 310.21023663899904932 6471.8198591138589109 -77.725908404666768092 -1895.6948990191840494 -2112.5186011776459054 3930.4875917921635846 7286
331000000 306.99600553398937564 6404.7623534603917506 8.5143005618842835247 -1770.5845015509189579 -2108.2367800834790614 3887.3355821962823029 7286
332000000 312.58832366530862146 6521.4331504427382242 -4.7946252877881079257 -1829.4653053090414687 -2033.9263587412563083 3858.5970387625102376 7286
333000000 307.92059678428842062 6424.0518136667351428 131.55663807748567251 -1769.8380377119044624 -1982.9418462578519211 3884.3365220472414876 7286
334000000 310.41124827899830052 6476.013502553078979 -39.65588423497845838 -1792.8238499963244976 -2069.6207006400359205 3822.7886664013817608 7286
335000000 306.83066675950323088 6401.3129419393717399 -7.2028883590894565714 -1810.9619470870384248 -2058.2245753594024791 3861.9836340873516747 7285
336000000 310.70348621133729239 6482.1103718072645279 25.520574407266423123 -1783.8127968316121041 -2086.5938886381304656 3895.9272598770085096 7286
337000000 308.82804045167790719 6442.9835291744757342 -1.271246678163862498 -1812.2210261561344851 -1990.492813187406 3801.442592665376651 7286
338000000 313.78417984783385464 6546.3819267131921151 -32.088672048398564129 -1802.7385041854354313 -2013.044263072331205 3783.6940952093682426 7286
339000000 311.68858454088524468 6502.6621724229471511 -98.048621746117390785 -1797.3194518850787063 -2066.2342680901901986 3765.5050982291513719 7286
340000000 304.27602933404995156 6348.0163344450020304 -7.8243601717362309955 -1800.5355794471918216 -2050.2831455255754918 3842.9943648010312245 7286
341000000 312.76613909245980949 6525.1428584948071148 15.308923403750213765 -1815.2706483110791851 -2030.1401033132199245 3860.719675028049096 7286
342000000 311.90496184530309165 6507.1763849485078026 86.591334697874088988 -1731.583244074066215 -2019.7803101342374248 3837.9548889061775299 7286
343000000 312.76823179000103892 6525.1865177939107525 -109.20186364447474148 -1791.5117753893894132 -2056.5630973965267003 3738.8730091414413437 7286
344000000 307.89458750248564911 6423.5091900953266304 34.790582558363865928 -1824.8444784182736385 -2081.750009638982192 3941.3850706156199522 7286
345000000 308.59456321007428414 6438.1125659682547848 26.038150902971125333 -1753.0661745809627519 -2051.5217219242281317 3830.6260474081618668 7286
346000000 311.82705847487846995 6505.5511111172236269 -8.8442962993260039184 -1762.0337916871244488 -2089.5982790381176528 3842.7877744259162682 7286
347000000 311.58746008479516831 6500.552444290643507 -22.160741899247881292 -1764.4255234819102043 -2040.4665991071494773 3782.7313806898114308 7286
348000000 306.98069292554089316 6404.4428912642842988 56.756603591136695286 -1778.2269976952704837 -2038.7032864151656213 3873.6868877015731414 7286
349000000 310.74556737221354297 6482.9882980021066032 -3.4114057181924408724 -1804.3437341520907466 -2053.6935898124311279 3854.6259182463290927 7286
350000000 310.26293578631822356 6472.9193050633984967 -47.081257331365719665 -1789.2549652421239443 -2104.9410709149910872 3847.114778825749454 7286
351000000 308.72284767791632021 6440.7889249936406486 -35.102823822779953389 -1787.0483326774767647 -2042.6513489064823261 3794.596857761179308 7286
352000000 304.8000765954333815 6358.9493697635061835 61.36778129962345929 -1754.759427118751546 -1990.1366793528407015 3806.2638877712161047 7286
353000000 310.01200706256025796 6467.6842570029803028 -16.921464630611325219 -1774.3241701289844059 -2116.4855738499218205 3873.8882793482948728 7286
354000000 308.75105091676891789 6441.3773204098442875 -93.695643219180851702 -1805.5669504821571536 -2051.18120946389854 3763.0525167268747282 7286
355000000 305.87389753946382598 6381.3521627403088132 -52.895701697626179794 -1746.2853100823454042 -2090.5770181047014376 3783.9666264894208325 7286
356000000 314.29128071189018101 6556.9614146054400408 -12.601723445955258285 -1768.3970010963639652 -2085.3777141877462782 3841.1729918381552125 7286
357000000 309.89448123544934788 6465.2323521590396922 -100.76645215852269644 -1778.2533984099839017 -2121.5804858282062924 3799.067432079667924 7286
358000000 308.83076313843849903 6443.0403317430764218 -36.335203160124137867 -1782.6062126542726674 -2075.8103356215033273 3822.0813451156518568 7286
359000000 310.88207492209772909 6485.8362126351994448 -128.58049634632513403 -1782.8765116424992812 -2100.4903378538137986 3754.7863531499879173 7286
360000000 308.05708140106423798 6426.8992498535080813 -72.809986311290941785 -1794.7420505377895097 -2106.992459344346571 3828.92452357084494 7286
361000000 309.98401719081141437 6467.1003129984210318 -83.027803411623182228 -1785.167915662705127 -2121.0147842075175504 3823.1548964585995236 7286
362000000 315.97320168298836052 6592.0508096561925413 -110.56132755143150348 -1796.0607221716550157 -2058.545395468883271 3744.0447900891067547 7286
363000000 310.65435841012094897 6481.0854337427081191 -114.43201636304868885 -1774.6154547300832292 -2116.0853324058434737 3776.268770772877815 7286
364000000 310.51986756032249559 6478.2795928973982882 -81.938286022540182785 -1743.6950825518799775 -2046.1620739970805971 3707.9188705264205055 7286
365000000 314.39387480738952263 6559.1018033684740658 -87.070701274422134475 -1782.1316837374865827 -2111.2286400042339665 3806.2896224672986136 7285
366000000 304.40741538115588583 6350.7574007556549986 -64.439097249721385197 -1754.1033710366345986 -2090.860814154153104 3780.5250879410664311 7286
367000000 310.53247424313053671 6478.5426022069514147 49.123376437897775304 -1769.0899660831369147 -2073.3990294092327531 3891.6123719302677273 7286
368000000 315.93746532130262494 6591.3052530370550812 10.250692860847209431 -1744.1460259913055779 -2064.3027727549351766 3818.6994916070875661 7286
369000000 308.2377772027752485 6430.6690502657766046 -27.39284464410687292 -1771.7526794915095252 -2092.9490720103308377 3837.308906857733291 7286
370000000 316.7095185392919916 6607.4123596322870071 31.300293500895918442 -1752.9401818736751011 -2018.9362385569879734 3803.1767139315588793 7286
371000000 310.44669574824473557 6476.753032098944459 29.564801703604530303 -1784.9906136201054778 -2058.2974961296440597 3872.8529114533539541 7286
372000000 309.05251375991758778 6447.6666461142849585 -61.265742742137604182 -1775.5093709268112434 -2149.0446212831820958 3863.2882494678560761 7286
373000000 313.11086348560667147 6532.3347364858782385 72.344800737978289362 -1757.323975018864985 -1991.9258418488543612 3821.5946176056986587 7286
374000000 312.56406216266481124 6520.9269902453079339 -6.2196319411136755662 -1752.7674389358467124 -2102.965424920922942 3849.5132319156555241 7286
375000000 313.71867360407372871 6545.0152902866966542 -32.461115797119646231 -1781.6940429407779902 -2074.1190813836592497 3823.3520085273175937 7286
376000000 311.13957296331295765 6491.2083143262179874 -62.417640839071083292 -1728.7999461515091753 -2069.8768670744693736 3736.2591723869077214 7286
377000000 313.26448031350588508 6535.5395966744508769 25.853801124179057069 -1791.6752900769529333 -2019.2342255116820979 3836.7633167128133209 7286
378000000 308.48846890440552215 6435.8991534071310525 55.179772646176814987 -1758.0796279225701255 -2066.1314751954500935 3879.3908757641975171 7285
379000000 314.117152925843925 6553.3286406648776392 -0.15089194244589521077 -1796.5302624556143201 -2079.02416332523444 3875.4035338384028364 7286
380000000 308.67590590776046611 6439.8095934164239225 13.038324959054733654 -1741.5817548734510183 -2033.4554988144334402 3788.0755786469389932 7286
381000000 311.49276319125317514 6498.5768124002788682 -113.80557166926831769 -1791.4464212882746779 -2139.7336082686188092 3817.3744578876248852 7286
382000000 313.16082802362552684 6533.3771311305717973 -81.582963121542206864 -1809.354228786239446 -2035.6156181931264655 3763.3868838578237046 7286
383000000 312.16702435652950953 6512.6437137602842995 4.3117675014855763038 -1804.7891118712636853 -2089.4087953073212702 3898.509674680070475 7285
384000000 309.77814707213030943 6462.8053086268246261 -102.33888169976285099 -1775.8070038373311945 -2101.3325840580127988 3774.8007061955813697 7285
385000000 305.90754148002270085 6382.0540658270892891 90.412227204709040507 -1764.884426501870621 -2036.3642206106480899 3891.6608743172278082 7285
386000000 310.68164514098140216 6481.6547083372097404 2.587851039146983112 -1776.5699160982371723 -2098.4789207742865074 3877.6366879116703785 7285
387000000 309.93829440889487614 6466.1464127943936546 -47.478824539139822036 -1828.0400588336729015 -2024.6865865845365988 3805.2478208790698773 7285
388000000 308.26843144452226397 6431.3085801944271225 -57.487898715056161336 -1810.9832357243644765 -2094.3837781555175752 3847.8791151648260893 7285
389000000 314.91037753376434694 6569.8774393953699473 70.618120992602939623 -1753.0653951219869668 -2041.6011055667238452 3865.284621681313638 7285
390000000 310.81983418355582671 6484.537703430262809 46.642327150405776592 -1707.1460552327484947 -2066.5511614017882493 3820.3395437849421796 7285
391000000 311.0390513432807893 6489.1111629754341266 41.761488382788769513 -1816.1139396240632777 -2020.202556722729696 3878.077984729581658 7284
392000000 309.74068708880037093 6462.02379262444083 3.9253090235489196402 -1750.3170758966357425 -2084.1350432735944196 3838.3774281937794512 7284
393000000 305.75898619299050551 6378.9548029942188805 -6.6348896399755403763 -1836.0811087808210686 -1995.7875803586291568 3825.2337994994750261 7284
394000000 311.62733406128626257 6501.384322682900347 5.1138631550575155416 -1750.3723782997810758 -2076.4203542128452682 3831.9065956676840869 7284
395000000 312.8342951265077545 6526.5647766734236939 58.32271868399064374 -1701.4495888192518578 -2029.833713404589389 3789.6060209078318621 7283
396000000 312.08264376591023392 6510.8833076949968017 140.74899259840236709 -1749.3115725167135679 -1989.7821935710185244 3879.8427586861348573 7284
397000000 314.15705499372603526 6554.1611051191039223 -64.819532133293250808 -1788.3230098991020895 -2077.0670197922559055 3800.5704975580642895 7284
398000000 310.66572048873337053 6481.3224772613275491 -22.909383179838243905 -1738.1106107361301838 -2060.007697208116042 3775.2089247644080388 7284
399000000 311.134200852025117 6491.0962376362458599 150.98789963348517063 -1721.4464700494190765 -1988.6754376783237603 3861.1098073612274675 7284
400000000 311.37216093565228903 6496.0607249838603821 45.492493996152376212 -1769.7503667703711017 -2055.3591757391268402 3870.602036505650176 7284
