# Fix print output for fix saveBond
1000000 766 765
2000000 1531 1526
3000000 2239 2230
4000000 3017 3006
5000000 3715 3707
6000000 4485 4484
7000000 5237 5232
8000000 5962 5962
9000000 6679 6681
10000000 7440 7437
11000000 8178 8171
12000000 8924 8914
13000000 9695 9686
14000000 10435 10432
15000000 11192 11189
16000000 11954 11958
17000000 12716 12717
18000000 13496 13494
19000000 14235 14237
20000000 14985 14984
21000000 15788 15788
22000000 16531 16532
23000000 17272 17270
24000000 18058 18060
25000000 18843 18844
26000000 19647 19643
27000000 20369 20368
28000000 21119 21121
29000000 21872 21875
30000000 22594 22603
31000000 23377 23383
32000000 24137 24140
33000000 24916 24920
34000000 25634 25641
35000000 26364 26370
36000000 27119 27123
37000000 27908 27912
38000000 28627 28628
39000000 29377 29376
40000000 30080 30088
41000000 30811 30820
42000000 31592 31599
43000000 32351 32352
44000000 33104 33103
45000000 33847 33848
46000000 34616 34620
47000000 35372 35374
48000000 36155 36147
49000000 36915 36911
50000000 37684 37679
51000000 38394 38391
52000000 39168 39169
53000000 39914 39906
54000000 40656 40644
55000000 41428 41417
56000000 42175 42170
57000000 42957 42954
58000000 43712 43711
59000000 44463 44468
60000000 45185 45189
61000000 45963 45966
62000000 46715 46724
63000000 47487 47498
64000000 48259 48272
65000000 49037 49044
66000000 49781 49783
67000000 50523 50533
68000000 51258 51263
69000000 52037 52052
70000000 52809 52818
71000000 53524 53531
72000000 54260 54266
73000000 54998 55010
74000000 55743 55756
75000000 56478 56490
76000000 57218 57230
77000000 57981 57998
78000000 58746 58758
79000000 59481 59491
80000000 60273 60286
81000000 61014 61024
82000000 61731 61742
83000000 62458 62461
84000000 63198 63209
85000000 63900 63913
86000000 64704 64711
87000000 65454 65456
88000000 66186 66192
89000000 66985 66990
90000000 67680 67683
91000000 68423 68431
92000000 69216 69213
93000000 69976 69982
94000000 70736 70739
95000000 71487 71491
96000000 72249 72253
97000000 73044 73042
98000000 73806 73807
99000000 74590 74600
100000000 75314 75322
101000000 76065 76078
102000000 76803 76816
103000000 77522 77540
104000000 78301 78313
105000000 79006 79019
106000000 79747 79758
107000000 80490 80504
108000000 81242 81253
109000000 82036 82046
110000000 82784 82792
111000000 83552 83558
112000000 84356 84356
113000000 85106 85108
114000000 85822 85828
115000000 86584 86593
116000000 87359 87373
117000000 88126 88136
118000000 88889 88902
119000000 89619 89632
120000000 90388 90402
121000000 91141 91150
122000000 91913 91923
123000000 92683 92693
124000000 93415 93422
125000000 94185 94195
126000000 94902 94916
127000000 95623 95633
128000000 96358 96367
129000000 97094 97103
130000000 97826 97830
131000000 98546 98551
132000000 99319 99317
133000000 100017 100022
134000000 100817 100822
135000000 101651 101662
136000000 102453 102458
137000000 103173 103182
138000000 103900 103908
139000000 104685 104693
140000000 105456 105471
141000000 106184 106198
142000000 106978 106986
143000000 107712 107717
144000000 108460 108463
145000000 109183 109199
146000000 109923 109938
147000000 110669 110683
148000000 111422 111435
149000000 112215 112223
150000000 112980 112985
151000000 113743 113753
152000000 114506 114510
153000000 115263 115279
154000000 116023 116029
155000000 116708 116715
156000000 117451 117460
157000000 118202 118212
158000000 118988 118991
159000000 119745 119743
160000000 120485 120492
161000000 121256 121265
162000000 122025 122040
163000000 122788 122795
164000000 123539 123547
165000000 124325 124325
166000000 125119 125123
167000000 125851 125855
168000000 126635 126637
169000000 127399 127402
170000000 128180 128180
171000000 128950 128951
172000000 129697 129705
173000000 130388 130393
174000000 131156 131163
175000000 131882 131885
176000000 132616 132615
177000000 133409 133410
178000000 134178 134180
179000000 134930 134930
180000000 135670 135669
181000000 136455 136461
182000000 137191 137199
183000000 137947 137949
184000000 138702 138707
185000000 139511 139510
186000000 140265 140264
187000000 141022 141027
188000000 141792 141790
189000000 142510 142515
190000000 143246 143255
191000000 144017 144025
192000000 144740 144750
193000000 145453 145460
194000000 146211 146215
195000000 146914 146912
196000000 147671 147664
197000000 148442 148438
198000000 149167 149165
199000000 149924 149928
200000000 150691 150697
201000000 151449 151450
202000000 152219 152225
203000000 153030 153030
204000000 153787 153786
205000000 154533 154541
206000000 155268 155278
207000000 156087 156096
208000000 156833 156833
209000000 157532 157537
210000000 158264 158261
211000000 158992 158986
212000000 159700 159696
213000000 160459 160449
214000000 161196 161189
215000000 161959 161951
216000000 162719 162711
217000000 163483 163471
218000000 164221 164219
219000000 164999 164995
220000000 165746 165748
221000000 166520 166531
222000000 167278 167289
223000000 168031 168041
224000000 168807 168820
225000000 169487 169495
226000000 170246 170246
227000000 171003 171008
228000000 171720 171726
229000000 172500 172500
230000000 173261 173268
231000000 174019 174022
232000000 174782 174788
233000000 175546 175552
234000000 176223 176232
235000000 176987 176999
236000000 177732 177743
237000000 178484 178487
238000000 179253 179259
239000000 180011 180018
240000000 180801 180809
241000000 181581 181599
242000000 182321 182333
243000000 183059 183063
244000000 183859 183861
245000000 184609 184618
246000000 185384 185389
247000000 186128 186134
248000000 186935 186935
249000000 187658 187658
250000000 188416 188415
251000000 189176 189172
252000000 189933 189931
253000000 190612 190616
254000000 191297 191299
255000000 192067 192073
256000000 192830 192830
257000000 193532 193527
258000000 194249 194247
259000000 195025 195026
260000000 195815 195819
261000000 196541 196539
262000000 197281 197277
263000000 198037 198033
264000000 198801 198807
265000000 199542 199550
266000000 200295 200294
267000000 201008 201014
268000000 201786 201792
269000000 202548 202550
270000000 203336 203340
271000000 204114 204114
272000000 204880 204884
273000000 205626 205623
274000000 206355 206354
275000000 207099 207095
276000000 207854 207854
277000000 208606 208615
278000000 209364 209368
279000000 210128 210127
280000000 210855 210855
281000000 211644 211639
282000000 212371 212372
283000000 213069 213065
284000000 213820 213808
285000000 214548 214542
286000000 215264 215261
287000000 216013 216021
288000000 216784 216793
289000000 217569 217571
290000000 218327 218333
291000000 219112 219116
292000000 219867 219877
293000000 220688 220693
294000000 221405 221408
295000000 222181 222191
296000000 222924 222933
297000000 223656 223664
298000000 224391 224396
299000000 225148 225156
300000000 225882 225883
301000000 226631 226632
302000000 227362 227362
303000000 228082 228082
304000000 228801 228802
305000000 229575 229580
306000000 230329 230323
307000000 231122 231119
308000000 231918 231921
309000000 232697 232695
310000000 233420 233422
311000000 234162 234169
312000000 234973 234986
313000000 235679 235696
314000000 236432 236453
315000000 237158 237173
316000000 237933 237941
317000000 238709 238715
318000000 239442 239449
319000000 240236 240241
320000000 241022 241027
321000000 241795 241801
322000000 242501 242505
323000000 243217 243233
324000000 243951 243972
325000000 244690 244709
326000000 245388 245409
327000000 246082 246096
328000000 246819 246834
329000000 247564 247571
330000000 248344 248347
331000000 249086 249086
332000000 249825 249828
333000000 250573 250578
334000000 251345 251350
335000000 252099 252100
336000000 252860 252859
337000000 253627 253630
338000000 254392 254396
339000000 255194 255199
340000000 255925 255919
341000000 256700 256698
342000000 257466 257464
343000000 258276 258273
344000000 259034 259031
345000000 259797 259790
346000000 260534 260534
347000000 261299 261299
348000000 262077 262072
349000000 262865 262864
350000000 263658 263660
351000000 264370 264366
352000000 265179 265172
353000000 265947 265946
354000000 266665 266669
355000000 267427 267424
356000000 268161 268168
357000000 268963 268967
358000000 269682 269688
359000000 270461 270470
360000000 271235 271237
361000000 271993 271996
362000000 272695 272698
363000000 273421 273430
364000000 274205 274219
365000000 274963 274975
366000000 275743 275756
367000000 276532 276548
368000000 277328 277338
369000000 278050 278060
370000000 278784 278791
371000000 279535 279547
372000000 280289 280295
373000000 281070 281065
374000000 281847 281847
375000000 282622 282618
376000000 283325 283330
377000000 284074 284082
378000000 284831 284834
379000000 285601 285608
380000000 286378 286381
381000000 287151 287151
382000000 287920 287921
383000000 288631 288627
384000000 289402 289395
385000000 290117 290114
386000000 290874 290872
387000000 291613 291608
388000000 292417 292412
389000000 293179 293176
390000000 293891 293893
391000000 294627 294629
392000000 295392 295395
393000000 296146 296147
394000000 296927 296927
395000000 297667 297668
396000000 298445 298445
397000000 299164 299166
398000000 299896 299900
399000000 300656 300661
400000000 301400 301402
