# Fix print output for fix saveBond
401000000 830 829
402000000 1563 1567
403000000 2313 2316
404000000 3061 3062
405000000 3843 3835
406000000 4633 4632
407000000 5367 5357
408000000 6164 6151
409000000 6926 6912
410000000 7673 7664
411000000 8403 8396
412000000 9164 9154
413000000 9930 9928
414000000 10712 10695
415000000 11490 11474
416000000 12221 12205
417000000 12996 12988
418000000 13818 13801
419000000 14575 14563
420000000 15302 15290
421000000 16086 16072
422000000 16821 16811
423000000 17568 17564
424000000 18329 18331
425000000 19102 19101
426000000 19825 19823
427000000 20605 20601
428000000 21395 21392
429000000 22129 22130
430000000 22901 22906
431000000 23635 23633
432000000 24357 24348
433000000 25145 25141
434000000 25855 25855
435000000 26614 26615
436000000 27368 27367
437000000 28119 28122
438000000 28895 28896
439000000 29674 29675
440000000 30416 30412
441000000 31159 31152
442000000 31898 31893
443000000 32615 32613
444000000 33377 33375
445000000 34150 34148
446000000 34914 34913
447000000 35599 35597
448000000 36383 36384
449000000 37155 37155
450000000 37900 37906
451000000 38623 38626
452000000 39363 39367
453000000 40110 40111
454000000 40881 40883
455000000 41640 41640
456000000 42366 42364
457000000 43122 43124
458000000 43881 43880
459000000 44647 44639
460000000 45433 45421
461000000 46230 46214
462000000 47003 46992
463000000 47741 47738
464000000 48487 48486
465000000 49226 49224
466000000 49979 49969
467000000 50694 50686
468000000 51413 51402
469000000 52148 52149
470000000 52886 52888
471000000 53642 53651
472000000 54367 54373
473000000 55105 55102
474000000 55811 55816
475000000 56564 56574
476000000 57347 57349
477000000 58070 58069
478000000 58852 58855
479000000 59593 59593
480000000 60375 60373
481000000 61145 61150
482000000 61874 61879
483000000 62662 62662
484000000 63396 63395
485000000 64094 64094
486000000 64904 64903
487000000 65631 65623
488000000 66406 66394
489000000 67200 67193
490000000 67983 67974
491000000 68760 68755
492000000 69543 69537
493000000 70274 70272
494000000 71031 71021
495000000 71831 71827
496000000 72610 72601
497000000 73352 73346
498000000 74142 74141
499000000 74895 74897
500000000 75640 75646
501000000 76394 76390
502000000 77156 77151
503000000 77912 77902
504000000 78675 78671
505000000 79425 79421
506000000 80170 80160
507000000 80923 80914
508000000 81673 81662
509000000 82443 82441
510000000 83215 83211
511000000 84015 84017
512000000 84744 84746
513000000 85449 85447
514000000 86195 86197
515000000 86983 86985
516000000 87734 87740
517000000 88545 88552
518000000 89269 89272
519000000 90020 90021
520000000 90759 90760
521000000 91521 91512
522000000 92278 92274
523000000 93048 93034
524000000 93856 93844
525000000 94605 94595
526000000 95358 95351
527000000 96109 96103
528000000 96882 96882
529000000 97671 97662
530000000 98406 98401
531000000 99186 99186
532000000 99942 99947
533000000 100704 100705
534000000 101446 101452
535000000 102228 102234
536000000 103003 103007
537000000 103737 103732
538000000 104450 104455
539000000 105230 105237
540000000 105995 105995
541000000 106747 106749
542000000 107517 107526
543000000 108334 108339
544000000 109106 109103
545000000 109877 109867
546000000 110645 110637
547000000 111435 111432
548000000 112177 112169
549000000 112947 112943
550000000 113667 113665
551000000 114372 114370
552000000 115129 115122
553000000 115909 115895
554000000 116666 116645
555000000 117432 117417
556000000 118183 118172
557000000 118896 118892
558000000 119668 119660
559000000 120393 120394
560000000 121135 121140
561000000 121869 121879
562000000 122636 122630
563000000 123399 123401
564000000 124167 124162
565000000 124913 124920
566000000 125647 125653
567000000 126419 126420
568000000 127246 127246
569000000 128000 127995
570000000 128805 128797
571000000 129555 129558
572000000 130305 130303
573000000 130973 130976
574000000 131723 131723
575000000 132495 132493
576000000 133260 133258
577000000 134033 134028
578000000 134819 134819
579000000 135558 135554
580000000 136313 136305
581000000 137082 137080
582000000 137763 137753
583000000 138493 138485
584000000 139239 139238
585000000 139912 139907
586000000 140698 140702
587000000 141404 141404
588000000 142152 142156
589000000 142887 142885
590000000 143654 143654
591000000 144436 144434
592000000 145208 145209
593000000 145955 145953
594000000 146665 146659
595000000 147435 147427
596000000 148181 148182
597000000 148967 148972
598000000 149689 149695
599000000 150412 150417
600000000 151171 151186
601000000 151918 151927
602000000 152656 152661
603000000 153411 153418
604000000 154185 154187
605000000 154907 154903
606000000 155676 155675
607000000 156452 156449
608000000 157198 157198
609000000 157950 157949
610000000 158676 158677
611000000 159438 159436
612000000 160223 160221
613000000 160971 160969
614000000 161756 161751
615000000 162489 162483
616000000 163274 163276
617000000 164068 164071
618000000 164843 164835
619000000 165623 165611
620000000 166409 166399
621000000 167164 167153
622000000 167942 167919
623000000 168762 168752
624000000 169520 169513
625000000 170303 170294
626000000 171104 171099
627000000 171893 171889
628000000 172639 172633
629000000 173349 173349
630000000 174084 174083
631000000 174825 174818
632000000 175610 175605
633000000 176343 176340
634000000 177125 177117
635000000 177944 177933
636000000 178698 178686
637000000 179451 179437
638000000 180174 180165
639000000 180929 180919
640000000 181704 181700
641000000 182481 182470
642000000 183239 183235
643000000 184010 184004
644000000 184809 184805
645000000 185566 185560
646000000 186314 186307
647000000 187028 187024
648000000 187782 187779
649000000 188477 188477
650000000 189241 189241
651000000 190035 190030
652000000 190851 190849
653000000 191595 191596
654000000 192397 192393
655000000 193121 193112
656000000 193854 193845
657000000 194604 194596
658000000 195358 195351
659000000 196083 196078
660000000 196784 196783
661000000 197561 197561
662000000 198319 198317
663000000 199110 199101
664000000 199877 199872
665000000 200619 200611
666000000 201375 201372
667000000 202147 202144
668000000 202934 202933
669000000 203690 203684
670000000 204406 204400
671000000 205180 205169
672000000 205960 205949
673000000 206687 206682
674000000 207432 207430
675000000 208201 208205
676000000 208953 208955
677000000 209733 209727
678000000 210529 210519
679000000 211232 211220
680000000 212007 212005
681000000 212810 212808
682000000 213566 213568
683000000 214263 214265
684000000 215006 215005
685000000 215763 215760
686000000 216521 216521
687000000 217268 217265
688000000 218000 217999
689000000 218765 218768
690000000 219530 219522
691000000 220303 220301
692000000 221019 221018
693000000 221767 221760
694000000 222481 222483
695000000 223262 223264
696000000 223997 223994
697000000 224838 224842
698000000 225561 225554
699000000 226311 226308
700000000 227063 227059
701000000 227773 227775
702000000 228542 228544
703000000 229297 229298
704000000 230091 230096
705000000 230817 230826
706000000 231519 231520
707000000 232296 232295
708000000 233045 233042
709000000 233838 233834
710000000 234647 234641
711000000 235391 235386
712000000 236154 236153
713000000 236954 236955
714000000 237788 237783
715000000 238577 238574
716000000 239337 239338
717000000 240117 240114
718000000 240874 240865
719000000 241589 241583
720000000 242361 242361
721000000 243093 243091
722000000 243867 243868
723000000 244615 244618
724000000 245322 245325
725000000 246127 246125
726000000 246899 246898
727000000 247700 247706
728000000 248480 248473
729000000 249236 249227
730000000 249977 249971
731000000 250757 250748
732000000 251532 251524
733000000 252285 252284
734000000 253023 253021
735000000 253772 253771
736000000 254503 254503
737000000 255300 255298
738000000 256038 256034
739000000 256827 256821
740000000 257593 257594
741000000 258367 258360
742000000 259146 259144
743000000 259917 259914
744000000 260680 260680
745000000 261428 261432
746000000 262244 262242
747000000 263026 263023
748000000 263765 263764
749000000 264525 264524
750000000 265284 265287
751000000 266075 266078
752000000 266853 266852
753000000 267617 267622
754000000 268390 268398
755000000 269135 269139
756000000 269894 269904
757000000 270668 270674
758000000 271439 271441
759000000 272212 272211
760000000 272968 272968
761000000 273649 273642
762000000 274442 274433
763000000 275187 275184
764000000 275937 275936
765000000 276680 276676
766000000 277435 277437
767000000 278201 278201
768000000 278947 278943
769000000 279701 279692
770000000 280509 280501
771000000 281234 281222
772000000 281976 281968
773000000 282760 282748
774000000 283531 283523
775000000 284304 284301
776000000 285043 285033
777000000 285766 285771
778000000 286527 286530
779000000 287333 287317
780000000 288090 288076
781000000 288856 288843
782000000 289629 289624
783000000 290390 290393
784000000 291140 291135
785000000 291874 291869
786000000 292612 292600
787000000 293385 293375
788000000 294156 294150
789000000 294912 294903
790000000 295667 295655
791000000 296389 296382
792000000 297160 297156
793000000 297932 297926
794000000 298686 298682
795000000 299440 299431
796000000 300225 300215
797000000 300975 300978
798000000 301720 301714
799000000 302544 302532
800000000 303330 303323
