# Fix print output for fix saveBond
401000000 730 735
402000000 1502 1510
403000000 2316 2323
404000000 3051 3058
405000000 3811 3821
406000000 4620 4638
407000000 5379 5393
408000000 6068 6084
409000000 6821 6837
410000000 7621 7634
411000000 8349 8357
412000000 9066 9072
413000000 9859 9868
414000000 10617 10622
415000000 11363 11371
416000000 12086 12090
417000000 12891 12893
418000000 13630 13630
419000000 14457 14454
420000000 15213 15222
421000000 15955 15964
422000000 16716 16723
423000000 17488 17496
424000000 18262 18266
425000000 19032 19039
426000000 19784 19793
427000000 20566 20573
428000000 21306 21307
429000000 22054 22055
430000000 22783 22790
431000000 23567 23572
432000000 24337 24343
433000000 25105 25118
434000000 25820 25835
435000000 26569 26572
436000000 27325 27328
437000000 28081 28097
438000000 28856 28868
439000000 29564 29571
440000000 30304 30313
441000000 31037 31043
442000000 31801 31815
443000000 32574 32585
444000000 33317 33330
445000000 34107 34113
446000000 34787 34788
447000000 35567 35572
448000000 36302 36311
449000000 37050 37060
450000000 37812 37811
451000000 38558 38560
452000000 39312 39318
453000000 40056 40057
454000000 40845 40849
455000000 41592 41596
456000000 42396 42399
457000000 43175 43175
458000000 43944 43957
459000000 44691 44704
460000000 45458 45465
461000000 46227 46232
462000000 46994 47004
463000000 47753 47776
464000000 48492 48506
465000000 49241 49244
466000000 49984 49997
467000000 50692 50700
468000000 51481 51493
469000000 52230 52243
470000000 52971 52986
471000000 53672 53683
472000000 54444 54458
473000000 55162 55172
474000000 55938 55953
475000000 56679 56689
476000000 57418 57428
477000000 58135 58138
478000000 58853 58857
479000000 59645 59650
480000000 60476 60480
481000000 61214 61220
482000000 61967 61979
483000000 62703 62711
484000000 63408 63419
485000000 64223 64237
486000000 64973 64977
487000000 65686 65701
488000000 66408 66417
489000000 67139 67148
490000000 67874 67892
491000000 68635 68644
492000000 69376 69395
493000000 70123 70144
494000000 70902 70913
495000000 71679 71684
496000000 72393 72402
497000000 73162 73171
498000000 73906 73911
499000000 74682 74692
500000000 75407 75416
501000000 76127 76134
502000000 76908 76915
503000000 77674 77682
504000000 78405 78406
505000000 79150 79156
506000000 79877 79888
507000000 80613 80617
508000000 81348 81361
509000000 82077 82084
510000000 82857 82861
511000000 83605 83615
512000000 84333 84345
513000000 85073 85082
514000000 85866 85878
515000000 86644 86662
516000000 87413 87426
517000000 88173 88182
518000000 88909 88913
519000000 89704 89714
520000000 90429 90440
521000000 91202 91213
522000000 92034 92050
523000000 92815 92831
524000000 93566 93580
525000000 94350 94363
526000000 95157 95167
527000000 95903 95911
528000000 96668 96681
529000000 97380 97399
530000000 98131 98147
531000000 98865 98881
532000000 99668 99681
533000000 100407 100420
534000000 101128 101144
535000000 101926 101934
536000000 102690 102692
537000000 103442 103441
538000000 104194 104199
539000000 104948 104959
540000000 105711 105723
541000000 106464 106474
542000000 107225 107239
543000000 108011 108023
544000000 108810 108816
545000000 109574 109580
546000000 110365 110371
547000000 111122 111134
548000000 111887 111903
549000000 112581 112597
550000000 113270 113282
551000000 113994 114014
552000000 114765 114777
553000000 115548 115560
554000000 116299 116305
555000000 117067 117068
556000000 117852 117857
557000000 118647 118656
558000000 119404 119414
559000000 120162 120171
560000000 120929 120938
561000000 121669 121680
562000000 122449 122469
563000000 123227 123229
564000000 124007 124016
565000000 124699 124711
566000000 125454 125468
567000000 126229 126242
568000000 126997 127010
569000000 127749 127756
570000000 128560 128575
571000000 129343 129349
572000000 130059 130067
573000000 130844 130850
574000000 131557 131569
575000000 132331 132344
576000000 133087 133101
577000000 133846 133851
578000000 134638 134648
579000000 135412 135422
580000000 136168 136181
581000000 136944 136959
582000000 137726 137738
583000000 138484 138496
584000000 139245 139245
585000000 140027 140023
586000000 140824 140827
587000000 141563 141573
588000000 142385 142396
589000000 143158 143161
590000000 143924 143921
591000000 144678 144676
592000000 145494 145499
593000000 146282 146293
594000000 147025 147026
595000000 147763 147769
596000000 148572 148582
597000000 149380 149396
598000000 150153 150161
599000000 150873 150890
600000000 151661 151669
601000000 152372 152375
602000000 153105 153113
603000000 153874 153889
604000000 154635 154644
605000000 155382 155391
606000000 156137 156141
607000000 156906 156909
608000000 157683 157682
609000000 158475 158475
610000000 159219 159223
611000000 159956 159961
612000000 160689 160695
613000000 161501 161498
614000000 162276 162281
615000000 163008 163012
616000000 163787 163786
617000000 164529 164532
618000000 165269 165271
619000000 166012 166009
620000000 166778 166780
621000000 167547 167553
622000000 168300 168313
623000000 169093 169094
624000000 169818 169818
625000000 170579 170585
626000000 171330 171347
627000000 172077 172092
628000000 172812 172820
629000000 173570 173578
630000000 174320 174324
631000000 175053 175056
632000000 175806 175814
633000000 176578 176594
634000000 177343 177360
635000000 178093 178108
636000000 178838 178854
637000000 179605 179622
638000000 180299 180315
639000000 181068 181083
640000000 181818 181826
641000000 182590 182601
642000000 183383 183391
643000000 184132 184141
644000000 184840 184858
645000000 185595 185606
646000000 186346 186359
647000000 187117 187134
648000000 187884 187900
649000000 188581 188591
650000000 189353 189364
651000000 190096 190113
652000000 190841 190852
653000000 191574 191584
654000000 192319 192325
655000000 193038 193043
656000000 193783 193785
657000000 194500 194503
658000000 195230 195225
659000000 195986 195986
660000000 196757 196763
661000000 197537 197544
662000000 198298 198305
663000000 199077 199082
664000000 199882 199888
665000000 200628 200629
666000000 201356 201369
667000000 202083 202094
668000000 202845 202843
669000000 203647 203649
670000000 204454 204455
671000000 205196 205194
672000000 205955 205961
673000000 206718 206713
674000000 207445 207436
675000000 208238 208235
676000000 209009 209008
677000000 209805 209812
678000000 210559 210565
679000000 211296 211300
680000000 212049 212046
681000000 212786 212788
682000000 213523 213524
683000000 214289 214285
684000000 215026 215026
685000000 215782 215789
686000000 216529 216535
687000000 217275 217287
688000000 218022 218036
689000000 218779 218786
690000000 219557 219564
691000000 220280 220285
692000000 221024 221031
693000000 221799 221804
694000000 222541 222548
695000000 223258 223268
696000000 223981 223989
697000000 224720 224727
698000000 225488 225498
699000000 226260 226274
700000000 227000 227012
701000000 227771 227789
702000000 228527 228552
703000000 229274 229294
704000000 230057 230062
705000000 230822 230834
706000000 231536 231550
707000000 232286 232295
708000000 233068 233077
709000000 233841 233849
710000000 234559 234568
711000000 235310 235315
712000000 236054 236068
713000000 236835 236844
714000000 237604 237611
715000000 238334 238344
716000000 239093 239100
717000000 239837 239849
718000000 240606 240620
719000000 241332 241346
720000000 242089 242107
721000000 242865 242882
722000000 243683 243699
723000000 244472 244487
724000000 245184 245195
725000000 245949 245965
726000000 246722 246737
727000000 247518 247522
728000000 248241 248253
729000000 249037 249044
730000000 249814 249813
731000000 250604 250611
732000000 251330 251331
733000000 252112 252114
734000000 252822 252827
735000000 253604 253615
736000000 254359 254371
737000000 255120 255138
738000000 255898 255923
739000000 256636 256651
740000000 257392 257405
741000000 258156 258163
742000000 258940 258949
743000000 259691 259699
744000000 260405 260407
745000000 261131 261138
746000000 261894 261908
747000000 262601 262611
748000000 263317 263325
749000000 263983 263997
750000000 264771 264794
751000000 265531 265546
752000000 266287 266306
753000000 267048 267071
754000000 267845 267860
755000000 268543 268562
756000000 269364 269380
757000000 270146 270159
758000000 270937 270949
759000000 271662 271675
760000000 272432 272445
761000000 273141 273150
762000000 273932 273934
763000000 274666 274684
764000000 275410 275423
765000000 276161 276172
766000000 276855 276867
767000000 277595 277611
768000000 278348 278365
769000000 279091 279115
770000000 279805 279823
771000000 280494 280516
772000000 281255 281276
773000000 281999 282030
774000000 282764 282778
775000000 283483 283499
776000000 284216 284232
777000000 284946 284957
778000000 285655 285666
779000000 286368 286389
780000000 287115 287125
781000000 287890 287913
782000000 288613 288635
783000000 289401 289423
784000000 290143 290156
785000000 290893 290917
786000000 291652 291667
787000000 292400 292412
788000000 293156 293166
789000000 293879 293893
790000000 294594 294610
791000000 295368 295386
792000000 296144 296162
793000000 296908 296921
794000000 297650 297668
795000000 298467 298482
796000000 299211 299213
797000000 299939 299952
798000000 300672 300685
799000000 301400 301412
800000000 302180 302190
