# Fix print output for fix saveBond
401000000 780 778
402000000 1507 1508
403000000 2244 2244
404000000 3002 3007
405000000 3736 3739
406000000 4482 4490
407000000 5256 5270
408000000 6002 6021
409000000 6756 6767
410000000 7523 7532
411000000 8264 8273
412000000 9009 9014
413000000 9774 9780
414000000 10557 10562
415000000 11294 11298
416000000 12056 12061
417000000 12820 12814
418000000 13651 13643
419000000 14383 14383
420000000 15186 15188
421000000 15966 15972
422000000 16682 16677
423000000 17451 17454
424000000 18184 18184
425000000 18949 18951
426000000 19705 19711
427000000 20472 20476
428000000 21179 21188
429000000 21975 21987
430000000 22708 22708
431000000 23459 23459
432000000 24229 24237
433000000 24968 24969
434000000 25697 25699
435000000 26435 26433
436000000 27221 27219
437000000 27956 27951
438000000 28739 28735
439000000 29526 29525
440000000 30292 30284
441000000 31009 31005
442000000 31766 31765
443000000 32510 32510
444000000 33264 33264
445000000 34023 34016
446000000 34814 34804
447000000 35560 35555
448000000 36359 36355
449000000 37144 37135
450000000 37906 37894
451000000 38708 38701
452000000 39474 39474
453000000 40223 40224
454000000 41007 41009
455000000 41750 41763
456000000 42534 42544
457000000 43286 43294
458000000 44003 44007
459000000 44710 44712
460000000 45505 45502
461000000 46271 46266
462000000 47037 47033
463000000 47757 47758
464000000 48557 48550
465000000 49323 49316
466000000 50074 50072
467000000 50836 50831
468000000 51591 51589
469000000 52290 52293
470000000 53032 53035
471000000 53748 53756
472000000 54492 54498
473000000 55233 55239
474000000 55958 55956
475000000 56687 56682
476000000 57423 57424
477000000 58214 58216
478000000 58921 58918
479000000 59664 59663
480000000 60408 60410
481000000 61147 61146
482000000 61939 61941
483000000 62741 62740
484000000 63459 63459
485000000 64243 64241
486000000 64953 64954
487000000 65687 65695
488000000 66473 66470
489000000 67280 67278
490000000 68005 68005
491000000 68756 68756
492000000 69543 69541
493000000 70271 70266
494000000 71037 71032
495000000 71846 71840
496000000 72554 72547
497000000 73360 73360
498000000 74111 74115
499000000 74854 74864
500000000 75639 75651
501000000 76415 76430
502000000 77196 77208
503000000 77983 77992
504000000 78751 78759
505000000 79539 79547
506000000 80312 80314
507000000 81082 81086
508000000 81834 81842
509000000 82609 82621
510000000 83365 83378
511000000 84127 84138
512000000 84949 84953
513000000 85685 85688
514000000 86407 86407
515000000 87158 87162
516000000 87921 87924
517000000 88658 88663
518000000 89432 89442
519000000 90180 90184
520000000 90944 90948
521000000 91702 91707
522000000 92448 92449
523000000 93225 93226
524000000 94008 94008
525000000 94759 94762
526000000 95516 95520
527000000 96268 96276
528000000 97056 97053
529000000 97840 97839
530000000 98553 98543
531000000 99316 99314
532000000 100113 100106
533000000 100822 100827
534000000 101549 101551
535000000 102327 102328
536000000 103090 103090
537000000 103842 103855
538000000 104629 104642
539000000 105363 105381
540000000 106137 106147
541000000 106918 106922
542000000 107642 107640
543000000 108395 108397
544000000 109176 109173
545000000 109937 109938
546000000 110701 110702
547000000 111445 111449
548000000 112241 112244
549000000 113005 113002
550000000 113755 113751
551000000 114526 114528
552000000 115259 115254
553000000 115999 115992
554000000 116724 116722
555000000 117455 117449
556000000 118241 118241
557000000 118933 118931
558000000 119714 119720
559000000 120485 120482
560000000 121210 121202
561000000 121988 121979
562000000 122700 122696
563000000 123471 123474
564000000 124230 124229
565000000 124941 124941
566000000 125700 125703
567000000 126448 126453
568000000 127194 127202
569000000 127971 127981
570000000 128764 128772
571000000 129496 129504
572000000 130285 130289
573000000 131051 131060
574000000 131783 131781
575000000 132545 132545
576000000 133326 133329
577000000 134115 134122
578000000 134857 134862
579000000 135604 135609
580000000 136329 136337
581000000 137101 137102
582000000 137869 137879
583000000 138602 138604
584000000 139347 139351
585000000 140129 140132
586000000 140905 140903
587000000 141712 141719
588000000 142471 142476
589000000 143251 143252
590000000 143991 143985
591000000 144759 144765
592000000 145460 145461
593000000 146204 146205
594000000 146963 146956
595000000 147781 147778
596000000 148528 148528
597000000 149244 149248
598000000 149982 149987
599000000 150752 150756
600000000 151443 151445
601000000 152195 152194
602000000 152959 152963
603000000 153677 153676
604000000 154417 154421
605000000 155133 155142
606000000 155909 155920
607000000 156641 156655
608000000 157421 157431
609000000 158189 158190
610000000 158899 158907
611000000 159697 159701
612000000 160483 160488
613000000 161256 161260
614000000 161983 161986
615000000 162696 162706
616000000 163438 163440
617000000 164243 164248
618000000 165000 165003
619000000 165757 165763
620000000 166514 166523
621000000 167284 167286
622000000 168072 168072
623000000 168833 168840
624000000 169597 169606
625000000 170342 170350
626000000 171111 171121
627000000 171851 171843
628000000 172622 172620
629000000 173364 173358
630000000 174109 174112
631000000 174910 174915
632000000 175636 175641
633000000 176434 176436
634000000 177213 177217
635000000 177998 178000
636000000 178778 178787
637000000 179556 179563
638000000 180308 180317
639000000 181045 181057
640000000 181804 181809
641000000 182581 182589
642000000 183323 183320
643000000 184064 184056
644000000 184845 184840
645000000 185569 185568
646000000 186317 186312
647000000 187072 187070
648000000 187839 187839
649000000 188601 188598
650000000 189378 189387
651000000 190136 190137
652000000 190896 190898
653000000 191641 191644
654000000 192389 192386
655000000 193193 193191
656000000 193956 193955
657000000 194681 194679
658000000 195411 195420
659000000 196142 196147
660000000 196896 196895
661000000 197646 197652
662000000 198326 198344
663000000 199071 199078
664000000 199831 199839
665000000 200584 200591
666000000 201348 201356
667000000 202086 202094
668000000 202802 202812
669000000 203568 203574
670000000 204351 204360
671000000 205126 205134
672000000 205891 205893
673000000 206627 206629
674000000 207366 207366
675000000 208151 208147
676000000 208927 208930
677000000 209689 209693
678000000 210450 210455
679000000 211212 211215
680000000 211978 211978
681000000 212704 212705
682000000 213482 213486
683000000 214235 214241
684000000 215008 215017
685000000 215790 215796
686000000 216526 216531
687000000 217310 217317
688000000 218065 218070
689000000 218823 218830
690000000 219583 219589
691000000 220310 220309
692000000 221066 221072
693000000 221801 221802
694000000 222552 222560
695000000 223273 223278
696000000 224056 224062
697000000 224783 224793
698000000 225564 225571
699000000 226291 226296
700000000 227025 227024
701000000 227785 227782
702000000 228561 228562
703000000 229369 229376
704000000 230155 230160
705000000 230896 230895
706000000 231633 231628
707000000 232406 232401
708000000 233135 233125
709000000 233908 233905
710000000 234647 234647
711000000 235391 235383
712000000 236144 236137
713000000 236872 236869
714000000 237627 237625
715000000 238380 238381
716000000 239121 239132
717000000 239883 239880
718000000 240615 240624
719000000 241335 241346
720000000 242110 242115
721000000 242858 242860
722000000 243571 243578
723000000 244341 244340
724000000 245100 245107
725000000 245878 245882
726000000 246635 246640
727000000 247397 247409
728000000 248154 248161
729000000 248908 248910
730000000 249641 249649
731000000 250351 250356
732000000 251133 251139
733000000 251909 251911
734000000 252662 252661
735000000 253396 253400
736000000 254187 254193
737000000 254938 254939
738000000 255698 255700
739000000 256445 256445
740000000 257186 257183
741000000 257948 257948
742000000 258703 258705
743000000 259487 259489
744000000 260220 260221
745000000 260963 260963
746000000 261668 261666
747000000 262421 262422
748000000 263144 263152
749000000 263900 263907
750000000 264656 264662
751000000 265467 265467
752000000 266209 266207
753000000 266969 266974
754000000 267743 267745
755000000 268502 268499
756000000 269221 269217
757000000 269992 269995
758000000 270725 270736
759000000 271497 271504
760000000 272255 272258
761000000 273016 273019
762000000 273755 273757
763000000 274531 274536
764000000 275307 275306
765000000 276050 276048
766000000 276786 276782
767000000 277532 277529
768000000 278314 278313
769000000 279043 279047
770000000 279755 279761
771000000 280431 280437
772000000 281169 281167
773000000 281914 281906
774000000 282695 282692
775000000 283495 283498
776000000 284248 284249
777000000 285047 285037
778000000 285820 285813
779000000 286552 286553
780000000 287276 287286
781000000 288042 288051
782000000 288772 288770
783000000 289563 289570
784000000 290273 290276
785000000 290991 290992
786000000 291720 291723
787000000 292473 292473
788000000 293235 293238
789000000 293958 293959
790000000 294662 294666
791000000 295400 295403
792000000 296159 296161
793000000 296897 296901
794000000 297644 297651
795000000 298373 298379
796000000 299103 299107
797000000 299844 299852
798000000 300599 300612
799000000 301372 301385
800000000 302143 302148
