# Fix print output for fix saveBond
1000000 783 778
2000000 1537 1529
3000000 2288 2283
4000000 3068 3061
5000000 3800 3790
6000000 4568 4570
7000000 5270 5269
8000000 6023 6026
9000000 6805 6805
10000000 7540 7551
11000000 8301 8306
12000000 9085 9092
13000000 9819 9831
14000000 10513 10519
15000000 11259 11263
16000000 12009 12014
17000000 12782 12790
18000000 13512 13521
19000000 14242 14250
20000000 15048 15054
21000000 15869 15875
22000000 16644 16645
23000000 17381 17383
24000000 18114 18117
25000000 18864 18869
26000000 19596 19611
27000000 20353 20374
28000000 21101 21114
29000000 21857 21867
30000000 22573 22586
31000000 23274 23278
32000000 24039 24048
33000000 24780 24782
34000000 25524 25527
35000000 26306 26311
36000000 27054 27049
37000000 27780 27778
38000000 28528 28532
39000000 29264 29261
40000000 29982 29982
41000000 30748 30748
42000000 31449 31450
43000000 32235 32243
44000000 32927 32932
45000000 33667 33674
46000000 34455 34460
47000000 35167 35172
48000000 35931 35938
49000000 36719 36732
50000000 37515 37523
51000000 38258 38259
52000000 39006 39006
53000000 39755 39749
54000000 40535 40531
55000000 41329 41323
56000000 42061 42057
57000000 42797 42796
58000000 43554 43555
59000000 44323 44314
60000000 45090 45088
61000000 45832 45834
62000000 46595 46599
63000000 47357 47359
64000000 48119 48124
65000000 48879 48878
66000000 49597 49591
67000000 50403 50403
68000000 51171 51170
69000000 51952 51942
70000000 52656 52654
71000000 53386 53378
72000000 54166 54160
73000000 54935 54932
74000000 55723 55724
75000000 56465 56465
76000000 57196 57199
77000000 57945 57946
78000000 58648 58647
79000000 59428 59434
80000000 60186 60189
81000000 60941 60945
82000000 61714 61713
83000000 62442 62444
84000000 63202 63199
85000000 63942 63948
86000000 64657 64658
87000000 65422 65427
88000000 66165 66172
89000000 66924 66927
90000000 67630 67633
91000000 68397 68406
92000000 69133 69138
93000000 69865 69869
94000000 70607 70608
95000000 71382 71383
96000000 72144 72148
97000000 72890 72888
98000000 73669 73666
99000000 74455 74462
100000000 75224 75228
101000000 76005 76010
102000000 76778 76782
103000000 77532 77539
104000000 78280 78280
105000000 79043 79046
106000000 79855 79858
107000000 80590 80603
108000000 81327 81336
109000000 82074 82084
110000000 82824 82831
111000000 83529 83540
112000000 84272 84287
113000000 84976 84992
114000000 85697 85708
115000000 86471 86474
116000000 87244 87251
117000000 87957 87963
118000000 88755 88761
119000000 89504 89516
120000000 90281 90294
121000000 91022 91038
122000000 91792 91804
123000000 92513 92520
124000000 93223 93223
125000000 93975 93974
126000000 94737 94732
127000000 95475 95475
128000000 96273 96278
129000000 96998 97004
130000000 97775 97781
131000000 98517 98528
132000000 99303 99307
133000000 100091 100105
134000000 100883 100890
135000000 101626 101628
136000000 102394 102398
137000000 103177 103186
138000000 103910 103917
139000000 104671 104679
140000000 105468 105472
141000000 106258 106266
142000000 107013 107019
143000000 107767 107769
144000000 108537 108538
145000000 109328 109326
146000000 110134 110132
147000000 110917 110913
148000000 111654 111658
149000000 112377 112379
150000000 113121 113123
151000000 113904 113909
152000000 114680 114688
153000000 115383 115387
154000000 116138 116142
155000000 116939 116935
156000000 117683 117691
157000000 118434 118435
158000000 119160 119168
159000000 119936 119940
160000000 120719 120721
161000000 121522 121526
162000000 122258 122263
163000000 123041 123046
164000000 123832 123835
165000000 124542 124543
166000000 125278 125280
167000000 125984 125982
168000000 126763 126762
169000000 127492 127495
170000000 128281 128289
171000000 129035 129030
172000000 129837 129838
173000000 130569 130567
174000000 131330 131339
175000000 132105 132113
176000000 132853 132860
177000000 133606 133614
178000000 134361 134365
179000000 135114 135116
180000000 135871 135877
181000000 136602 136608
182000000 137337 137345
183000000 138055 138061
184000000 138799 138796
185000000 139522 139519
186000000 140299 140301
187000000 141087 141088
188000000 141811 141810
189000000 142556 142558
190000000 143288 143293
191000000 144004 144019
192000000 144783 144798
193000000 145600 145608
194000000 146345 146356
195000000 147061 147069
196000000 147829 147838
197000000 148583 148589
198000000 149319 149327
199000000 150077 150084
200000000 150821 150827
201000000 151546 151553
202000000 152294 152298
203000000 153069 153068
204000000 153794 153794
205000000 154536 154540
206000000 155324 155324
207000000 156084 156083
208000000 156797 156807
209000000 157486 157494
210000000 158196 158204
211000000 158923 158929
212000000 159668 159677
213000000 160409 160420
214000000 161092 161099
215000000 161845 161845
216000000 162590 162586
217000000 163375 163374
218000000 164088 164085
219000000 164900 164903
220000000 165650 165649
221000000 166380 166383
222000000 167153 167158
223000000 167872 167879
224000000 168607 168608
225000000 169347 169349
226000000 170065 170068
227000000 170811 170813
228000000 171576 171583
229000000 172344 172348
230000000 173058 173067
231000000 173811 173815
232000000 174534 174550
233000000 175309 175327
234000000 176089 176106
235000000 176861 176880
236000000 177569 177586
237000000 178322 178336
238000000 179065 179081
239000000 179801 179810
240000000 180527 180541
241000000 181291 181303
242000000 182044 182057
243000000 182800 182820
244000000 183563 183576
245000000 184290 184292
246000000 185032 185033
247000000 185807 185808
248000000 186552 186554
249000000 187303 187304
250000000 188060 188059
251000000 188801 188802
252000000 189554 189552
253000000 190276 190275
254000000 191031 191026
255000000 191791 191787
256000000 192600 192599
257000000 193315 193319
258000000 194087 194090
259000000 194830 194830
260000000 195595 195600
261000000 196383 196388
262000000 197117 197114
263000000 197879 197873
264000000 198599 198593
265000000 199355 199352
266000000 200111 200116
267000000 200857 200866
268000000 201659 201658
269000000 202401 202412
270000000 203187 203191
271000000 203964 203971
272000000 204736 204741
273000000 205487 205491
274000000 206284 206287
275000000 207031 207029
276000000 207798 207796
277000000 208539 208539
278000000 209321 209323
279000000 210082 210080
280000000 210845 210851
281000000 211588 211597
282000000 212325 212332
283000000 213100 213106
284000000 213828 213833
285000000 214608 214608
286000000 215431 215434
287000000 216199 216203
288000000 216938 216942
289000000 217651 217658
290000000 218370 218375
291000000 219136 219143
292000000 219926 219936
293000000 220670 220678
294000000 221428 221435
295000000 222140 222148
296000000 222895 222896
297000000 223658 223659
298000000 224398 224396
299000000 225165 225166
300000000 225905 225915
301000000 226699 226702
302000000 227444 227448
303000000 228183 228189
304000000 228933 228937
305000000 229686 229692
306000000 230416 230415
307000000 231211 231206
308000000 232001 232001
309000000 232779 232774
310000000 233545 233536
311000000 234234 234235
312000000 234982 234986
313000000 235739 235739
314000000 236465 236466
315000000 237228 237227
316000000 237995 238003
317000000 238694 238703
318000000 239443 239450
319000000 240203 240207
320000000 240954 240964
321000000 241705 241714
322000000 242414 242429
323000000 243137 243146
324000000 243920 243926
325000000 244640 244646
326000000 245378 245377
327000000 246137 246143
328000000 246879 246890
329000000 247673 247676
330000000 248452 248459
331000000 249193 249192
332000000 249964 249971
333000000 250738 250740
334000000 251508 251518
335000000 252244 252253
336000000 253025 253031
337000000 253759 253764
338000000 254459 254469
339000000 255168 255171
340000000 255986 255987
341000000 256743 256746
342000000 257435 257443
343000000 258225 258226
344000000 258972 258975
345000000 259771 259776
346000000 260494 260502
347000000 261275 261281
348000000 262015 262024
349000000 262780 262787
350000000 263531 263532
351000000 264262 264259
352000000 265028 265031
353000000 265747 265752
354000000 266492 266497
355000000 267231 267230
356000000 268010 268012
357000000 268758 268760
358000000 269482 269487
359000000 270258 270258
360000000 271003 271006
361000000 271742 271750
362000000 272479 272480
363000000 273202 273202
364000000 273928 273930
365000000 274646 274645
366000000 275363 275363
367000000 276109 276109
368000000 276892 276891
369000000 277625 277618
370000000 278368 278362
371000000 279167 279168
372000000 279969 279969
373000000 280737 280732
374000000 281491 281494
375000000 282177 282181
376000000 282893 282899
377000000 283694 283703
378000000 284481 284486
379000000 285231 285226
380000000 285996 285994
381000000 286739 286734
382000000 287462 287457
383000000 288263 288258
384000000 288973 288966
385000000 289746 289737
386000000 290511 290511
387000000 291234 291237
388000000 291989 291987
389000000 292786 292778
390000000 293566 293555
391000000 294294 294284
392000000 295091 295087
393000000 295846 295837
394000000 296541 296533
395000000 297313 297311
396000000 298033 298030
397000000 298797 298796
398000000 299545 299548
399000000 300342 300342
400000000 301097 301096
