# Fix print output for fix saveBond
401000000 747 746
402000000 1507 1513
403000000 2287 2298
404000000 3057 3068
405000000 3827 3829
406000000 4566 4568
407000000 5335 5339
408000000 6096 6097
409000000 6868 6876
410000000 7628 7633
411000000 8392 8400
412000000 9112 9117
413000000 9854 9863
414000000 10627 10638
415000000 11418 11430
416000000 12192 12202
417000000 12948 12949
418000000 13700 13708
419000000 14511 14518
420000000 15252 15261
421000000 15924 15933
422000000 16676 16680
423000000 17396 17402
424000000 18125 18127
425000000 18838 18838
426000000 19553 19557
427000000 20340 20341
428000000 21064 21065
429000000 21790 21796
430000000 22550 22549
431000000 23312 23314
432000000 24035 24049
433000000 24726 24734
434000000 25456 25463
435000000 26213 26222
436000000 26957 26965
437000000 27723 27733
438000000 28463 28478
439000000 29240 29255
440000000 29949 29971
441000000 30733 30748
442000000 31459 31471
443000000 32211 32220
444000000 32919 32928
445000000 33673 33684
446000000 34376 34382
447000000 35078 35093
448000000 35862 35877
449000000 36621 36627
450000000 37405 37415
451000000 38158 38162
452000000 38875 38876
453000000 39590 39589
454000000 40339 40341
455000000 41143 41145
456000000 41893 41889
457000000 42619 42620
458000000 43321 43326
459000000 44116 44114
460000000 44873 44875
461000000 45637 45648
462000000 46424 46431
463000000 47121 47132
464000000 47884 47897
465000000 48624 48629
466000000 49384 49384
467000000 50128 50126
468000000 50823 50821
469000000 51560 51565
470000000 52360 52363
471000000 53083 53093
472000000 53882 53888
473000000 54625 54627
474000000 55342 55344
475000000 56057 56061
476000000 56785 56781
477000000 57558 57561
478000000 58347 58341
479000000 59083 59081
480000000 59878 59871
481000000 60608 60608
482000000 61362 61362
483000000 62121 62122
484000000 62899 62909
485000000 63721 63721
486000000 64503 64495
487000000 65244 65250
488000000 65951 65960
489000000 66665 66669
490000000 67473 67470
491000000 68245 68231
492000000 69015 69014
493000000 69778 69781
494000000 70554 70554
495000000 71283 71293
496000000 71998 72007
497000000 72732 72743
498000000 73485 73500
499000000 74267 74284
500000000 75022 75030
501000000 75784 75788
502000000 76546 76538
503000000 77303 77300
504000000 78046 78046
505000000 78791 78792
506000000 79541 79544
507000000 80287 80295
508000000 81067 81071
509000000 81843 81848
510000000 82584 82591
511000000 83354 83371
512000000 84093 84096
513000000 84792 84802
514000000 85557 85567
515000000 86297 86310
516000000 87069 87073
517000000 87797 87804
518000000 88574 88575
519000000 89359 89362
520000000 90135 90136
521000000 90878 90879
522000000 91630 91634
523000000 92341 92351
524000000 93083 93094
525000000 93822 93835
526000000 94596 94611
527000000 95313 95328
528000000 96060 96074
529000000 96916 96931
530000000 97655 97674
531000000 98402 98411
532000000 99160 99166
533000000 99875 99883
534000000 100615 100622
535000000 101405 101413
536000000 102124 102127
537000000 102849 102856
538000000 103570 103571
539000000 104375 104382
540000000 105186 105192
541000000 105937 105940
542000000 106606 106618
543000000 107379 107408
544000000 108132 108150
545000000 108846 108861
546000000 109596 109610
547000000 110343 110363
548000000 111076 111095
549000000 111854 111865
550000000 112608 112613
551000000 113377 113379
552000000 114116 114121
553000000 114889 114893
554000000 115631 115631
555000000 116347 116348
556000000 117095 117092
557000000 117873 117878
558000000 118678 118686
559000000 119468 119468
560000000 120221 120222
561000000 120905 120910
562000000 121694 121692
563000000 122486 122490
564000000 123283 123276
565000000 124021 124011
566000000 124739 124727
567000000 125492 125486
568000000 126267 126266
569000000 127047 127045
570000000 127828 127826
571000000 128556 128557
572000000 129291 129290
573000000 130016 130018
574000000 130779 130782
575000000 131557 131555
576000000 132303 132311
577000000 133083 133090
578000000 133852 133852
579000000 134645 134650
580000000 135409 135409
581000000 136141 136143
582000000 136875 136885
583000000 137692 137702
584000000 138463 138465
585000000 139179 139184
586000000 139964 139970
587000000 140716 140723
588000000 141456 141458
589000000 142223 142232
590000000 143014 143029
591000000 143785 143805
592000000 144547 144559
593000000 145283 145287
594000000 146072 146071
595000000 146847 146848
596000000 147616 147612
597000000 148365 148372
598000000 149085 149095
599000000 149852 149860
600000000 150603 150610
601000000 151396 151403
602000000 152126 152130
603000000 152883 152884
604000000 153653 153651
605000000 154387 154397
606000000 155120 155125
607000000 155812 155819
608000000 156541 156545
609000000 157310 157311
610000000 158076 158076
611000000 158880 158886
612000000 159680 159689
613000000 160447 160454
614000000 161216 161222
615000000 161938 161947
616000000 162709 162710
617000000 163447 163453
618000000 164209 164214
619000000 164919 164920
620000000 165614 165619
621000000 166373 166379
622000000 167170 167173
623000000 167928 167939
624000000 168668 168672
625000000 169400 169409
626000000 170144 170151
627000000 170925 170933
628000000 171731 171743
629000000 172532 172532
630000000 173298 173301
631000000 174027 174029
632000000 174788 174791
633000000 175563 175560
634000000 176280 176277
635000000 177050 177049
636000000 177814 177815
637000000 178563 178564
638000000 179364 179372
639000000 180156 180158
640000000 180933 180940
641000000 181676 181680
642000000 182434 182447
643000000 183154 183162
644000000 183919 183922
645000000 184648 184650
646000000 185415 185425
647000000 186138 186140
648000000 186904 186910
649000000 187635 187641
650000000 188403 188407
651000000 189166 189169
652000000 189883 189885
653000000 190617 190623
654000000 191369 191372
655000000 192157 192161
656000000 192886 192897
657000000 193625 193630
658000000 194367 194379
659000000 195101 195110
660000000 195808 195821
661000000 196565 196570
662000000 197325 197322
663000000 198075 198072
664000000 198850 198854
665000000 199619 199622
666000000 200384 200389
667000000 201159 201158
668000000 201907 201906
669000000 202641 202645
670000000 203438 203443
671000000 204199 204197
672000000 204922 204919
673000000 205750 205748
674000000 206523 206526
675000000 207279 207277
676000000 207978 207985
677000000 208709 208717
678000000 209476 209482
679000000 210180 210186
680000000 210993 211000
681000000 211666 211673
682000000 212405 212411
683000000 213170 213173
684000000 213941 213947
685000000 214671 214673
686000000 215477 215481
687000000 216258 216265
688000000 217008 217013
689000000 217766 217776
690000000 218509 218520
691000000 219224 219234
692000000 220006 220017
693000000 220715 220730
694000000 221430 221442
695000000 222158 222167
696000000 222933 222938
697000000 223707 223717
698000000 224512 224520
699000000 225260 225271
700000000 226015 226021
701000000 226800 226809
702000000 227550 227561
703000000 228300 228301
704000000 229057 229063
705000000 229757 229766
706000000 230555 230572
707000000 231351 231362
708000000 232071 232081
709000000 232808 232811
710000000 233552 233567
711000000 234327 234341
712000000 235111 235121
713000000 235893 235902
714000000 236657 236667
715000000 237406 237417
716000000 238139 238155
717000000 238942 238948
718000000 239735 239738
719000000 240500 240502
720000000 241236 241240
721000000 241993 242001
722000000 242805 242813
723000000 243585 243585
724000000 244327 244320
725000000 245083 245079
726000000 245908 245905
727000000 246668 246663
728000000 247423 247424
729000000 248155 248157
730000000 248922 248926
731000000 249704 249706
732000000 250409 250408
733000000 251142 251142
734000000 251896 251900
735000000 252674 252672
736000000 253429 253426
737000000 254199 254199
738000000 254934 254935
739000000 255676 255677
740000000 256459 256465
741000000 257205 257205
742000000 257966 257963
743000000 258664 258665
744000000 259375 259377
745000000 260094 260107
746000000 260815 260829
747000000 261545 261557
748000000 262316 262327
749000000 263047 263053
750000000 263803 263808
751000000 264514 264518
752000000 265271 265278
753000000 265980 265987
754000000 266719 266727
755000000 267487 267498
756000000 268239 268247
757000000 268921 268927
758000000 269643 269643
759000000 270393 270397
760000000 271121 271133
761000000 271860 271859
762000000 272643 272642
763000000 273431 273432
764000000 274162 274170
765000000 274931 274939
766000000 275686 275700
767000000 276452 276455
768000000 277200 277200
769000000 277925 277929
770000000 278692 278691
771000000 279450 279452
772000000 280225 280224
773000000 281003 281007
774000000 281715 281711
775000000 282495 282487
776000000 283234 283227
777000000 283995 283995
778000000 284751 284748
779000000 285479 285482
780000000 286238 286242
781000000 286961 286967
782000000 287721 287731
783000000 288479 288482
784000000 289242 289244
785000000 289954 289947
786000000 290680 290682
787000000 291422 291418
788000000 292188 292184
789000000 292992 292988
790000000 293734 293725
791000000 294458 294454
792000000 295207 295208
793000000 295978 295976
794000000 296758 296757
795000000 297493 297497
796000000 298219 298222
797000000 298986 298978
798000000 299732 299732
799000000 300488 300493
800000000 301239 301240
