# Fix print output for fix saveBond
401000000 772 770
402000000 1498 1501
403000000 2256 2251
404000000 3009 3001
405000000 3727 3728
406000000 4505 4513
407000000 5240 5237
408000000 6037 6032
409000000 6782 6778
410000000 7570 7565
411000000 8331 8329
412000000 9135 9132
413000000 9895 9896
414000000 10683 10690
415000000 11493 11492
416000000 12215 12217
417000000 12955 12962
418000000 13644 13656
419000000 14374 14388
420000000 15132 15139
421000000 15922 15932
422000000 16626 16631
423000000 17373 17378
424000000 18098 18102
425000000 18853 18854
426000000 19608 19622
427000000 20353 20364
428000000 21113 21127
429000000 21859 21863
430000000 22660 22664
431000000 23445 23462
432000000 24166 24171
433000000 24909 24918
434000000 25642 25646
435000000 26357 26353
436000000 27128 27121
437000000 27910 27907
438000000 28636 28630
439000000 29338 29331
440000000 30104 30104
441000000 30877 30879
442000000 31703 31707
443000000 32439 32446
444000000 33235 33247
445000000 34016 34024
446000000 34721 34725
447000000 35499 35500
448000000 36231 36232
449000000 36972 36973
450000000 37760 37759
451000000 38467 38465
452000000 39205 39210
453000000 39933 39945
454000000 40747 40754
455000000 41500 41505
456000000 42247 42251
457000000 43040 43047
458000000 43789 43793
459000000 44576 44579
460000000 45289 45287
461000000 46058 46059
462000000 46776 46778
463000000 47541 47546
464000000 48302 48308
465000000 49092 49095
466000000 49856 49852
467000000 50628 50628
468000000 51444 51442
469000000 52187 52183
470000000 52941 52940
471000000 53686 53683
472000000 54427 54425
473000000 55213 55211
474000000 55999 56006
475000000 56749 56748
476000000 57553 57553
477000000 58285 58289
478000000 59042 59046
479000000 59838 59839
480000000 60581 60572
481000000 61330 61324
482000000 62122 62117
483000000 62875 62875
484000000 63666 63667
485000000 64416 64423
486000000 65162 65160
487000000 65905 65903
488000000 66704 66700
489000000 67471 67472
490000000 68204 68207
491000000 68991 68991
492000000 69747 69742
493000000 70501 70493
494000000 71264 71264
495000000 71972 71971
496000000 72731 72729
497000000 73458 73453
498000000 74205 74206
499000000 74954 74954
500000000 75741 75740
501000000 76534 76535
502000000 77267 77273
503000000 77997 77998
504000000 78831 78836
505000000 79633 79633
506000000 80379 80377
507000000 81165 81168
508000000 81937 81937
509000000 82690 82685
510000000 83450 83452
511000000 84197 84207
512000000 84960 84959
513000000 85687 85683
514000000 86423 86420
515000000 87187 87182
516000000 87964 87958
517000000 88734 88729
518000000 89485 89481
519000000 90251 90242
520000000 91027 91026
521000000 91759 91763
522000000 92471 92471
523000000 93221 93214
524000000 93992 93984
525000000 94711 94700
526000000 95442 95432
527000000 96241 96233
528000000 97047 97047
529000000 97833 97831
530000000 98573 98565
531000000 99328 99328
532000000 100070 100070
533000000 100799 100801
534000000 101537 101539
535000000 102266 102271
536000000 103050 103047
537000000 103823 103827
538000000 104569 104567
539000000 105389 105380
540000000 106145 106141
541000000 106920 106912
542000000 107645 107640
543000000 108382 108379
544000000 109171 109165
545000000 109935 109930
546000000 110711 110710
547000000 111460 111451
548000000 112191 112183
549000000 112961 112960
550000000 113738 113728
551000000 114482 114483
552000000 115234 115232
553000000 115969 115967
554000000 116742 116742
555000000 117430 117419
556000000 118213 118209
557000000 118975 118963
558000000 119776 119760
559000000 120549 120533
560000000 121310 121300
561000000 122060 122048
562000000 122805 122796
563000000 123527 123526
564000000 124282 124279
565000000 125034 125030
566000000 125787 125786
567000000 126511 126503
568000000 127247 127245
569000000 128024 128020
570000000 128754 128755
571000000 129502 129498
572000000 130205 130208
573000000 130972 130972
574000000 131743 131744
575000000 132544 132550
576000000 133264 133262
577000000 134010 134011
578000000 134730 134738
579000000 135510 135517
580000000 136200 136203
581000000 136967 136969
582000000 137731 137730
583000000 138469 138473
584000000 139259 139264
585000000 139987 139989
586000000 140773 140778
587000000 141528 141533
588000000 142303 142310
589000000 143068 143082
590000000 143828 143843
591000000 144528 144537
592000000 145326 145324
593000000 146073 146073
594000000 146839 146849
595000000 147593 147601
596000000 148390 148399
597000000 149107 149116
598000000 149893 149893
599000000 150626 150634
600000000 151411 151410
601000000 152164 152162
602000000 152924 152917
603000000 153679 153682
604000000 154438 154440
605000000 155256 155259
606000000 156027 156027
607000000 156725 156724
608000000 157433 157436
609000000 158160 158164
610000000 158947 158949
611000000 159703 159702
612000000 160462 160459
613000000 161222 161222
614000000 161986 161983
615000000 162775 162773
616000000 163573 163565
617000000 164365 164359
618000000 165115 165111
619000000 165861 165849
620000000 166663 166658
621000000 167447 167446
622000000 168160 168158
623000000 168941 168936
624000000 169668 169667
625000000 170399 170400
626000000 171180 171181
627000000 171895 171902
628000000 172627 172630
629000000 173356 173359
630000000 174118 174119
631000000 174902 174901
632000000 175692 175682
633000000 176480 176473
634000000 177248 177243
635000000 177972 177963
636000000 178757 178745
637000000 179524 179518
638000000 180296 180292
639000000 181088 181086
640000000 181919 181919
641000000 182724 182727
642000000 183523 183521
643000000 184264 184262
644000000 185083 185091
645000000 185781 185786
646000000 186528 186522
647000000 187252 187249
648000000 188028 188021
649000000 188787 188794
650000000 189550 189560
651000000 190321 190316
652000000 191065 191067
653000000 191811 191809
654000000 192559 192561
655000000 193253 193264
656000000 193959 193965
657000000 194678 194687
658000000 195423 195427
659000000 196189 196196
660000000 196918 196928
661000000 197691 197692
662000000 198475 198478
663000000 199215 199209
664000000 199971 199971
665000000 200739 200739
666000000 201498 201500
667000000 202285 202284
668000000 203051 203052
669000000 203807 203806
670000000 204535 204542
671000000 205326 205330
672000000 206127 206127
673000000 206874 206871
674000000 207666 207663
675000000 208388 208384
676000000 209110 209109
677000000 209883 209884
678000000 210587 210591
679000000 211352 211350
680000000 212158 212157
681000000 212941 212941
682000000 213672 213672
683000000 214466 214461
684000000 215222 215215
685000000 216010 216010
686000000 216792 216797
687000000 217587 217585
688000000 218341 218346
689000000 219076 219082
690000000 219819 219832
691000000 220568 220582
692000000 221330 221342
693000000 222144 222159
694000000 222864 222869
695000000 223628 223643
696000000 224399 224398
697000000 225128 225129
698000000 225884 225887
699000000 226629 226635
700000000 227368 227375
701000000 228122 228133
702000000 228887 228898
703000000 229635 229638
704000000 230391 230395
705000000 231165 231170
706000000 231916 231923
707000000 232686 232688
708000000 233499 233512
709000000 234290 234292
710000000 235057 235057
711000000 235822 235821
712000000 236618 236618
713000000 237343 237344
714000000 238138 238135
715000000 238912 238911
716000000 239640 239648
717000000 240383 240389
718000000 241126 241137
719000000 241853 241869
720000000 242642 242655
721000000 243404 243417
722000000 244150 244152
723000000 244877 244881
724000000 245605 245606
725000000 246388 246389
726000000 247097 247100
727000000 247855 247860
728000000 248596 248604
729000000 249368 249377
730000000 250145 250154
731000000 250877 250887
732000000 251601 251605
733000000 252371 252378
734000000 253157 253160
735000000 253895 253896
736000000 254658 254653
737000000 255383 255382
738000000 256138 256142
739000000 256917 256920
740000000 257668 257671
741000000 258386 258386
742000000 259082 259073
743000000 259846 259836
744000000 260597 260589
745000000 261403 261397
746000000 262210 262201
747000000 263005 263000
748000000 263760 263761
749000000 264455 264454
750000000 265251 265246
751000000 266063 266063
752000000 266836 266830
753000000 267592 267590
754000000 268360 268360
755000000 269152 269156
756000000 269935 269933
757000000 270680 270676
758000000 271411 271406
759000000 272145 272134
760000000 272913 272910
761000000 273712 273701
762000000 274456 274451
763000000 275202 275202
764000000 275967 275965
765000000 276716 276723
766000000 277470 277472
767000000 278245 278250
768000000 278941 278950
769000000 279702 279704
770000000 280460 280460
771000000 281206 281208
772000000 281967 281970
773000000 282717 282718
774000000 283501 283505
775000000 284266 284271
776000000 285023 285024
777000000 285809 285813
778000000 286551 286553
779000000 287280 287286
780000000 288098 288100
781000000 288820 288817
782000000 289562 289564
783000000 290349 290346
784000000 291099 291103
785000000 291885 291888
786000000 292608 292610
787000000 293344 293344
788000000 294147 294145
789000000 294937 294941
790000000 295679 295678
791000000 296452 296452
792000000 297195 297191
793000000 297947 297943
794000000 298679 298677
795000000 299422 299416
796000000 300177 300166
797000000 300944 300936
798000000 301653 301649
799000000 302385 302385
800000000 303191 303190
