# Fix print output for fix saveBond
1000000 843 840
2000000 1627 1620
3000000 2335 2327
4000000 3097 3093
5000000 3882 3883
6000000 4622 4621
7000000 5405 5403
8000000 6156 6148
9000000 6897 6898
10000000 7655 7651
11000000 8415 8407
12000000 9160 9153
13000000 9965 9957
14000000 10746 10740
15000000 11547 11546
16000000 12339 12336
17000000 13088 13084
18000000 13866 13865
19000000 14609 14602
20000000 15331 15336
21000000 16045 16046
22000000 16820 16817
23000000 17620 17618
24000000 18389 18388
25000000 19164 19162
26000000 19961 19958
27000000 20735 20736
28000000 21503 21509
29000000 22277 22279
30000000 23025 23032
31000000 23797 23801
32000000 24537 24547
33000000 25316 25326
34000000 26069 26078
35000000 26804 26810
36000000 27568 27578
37000000 28318 28327
38000000 29031 29037
39000000 29761 29767
40000000 30542 30551
41000000 31291 31307
42000000 32069 32077
43000000 32830 32835
44000000 33579 33582
45000000 34371 34375
46000000 35094 35111
47000000 35848 35858
48000000 36587 36600
49000000 37357 37363
50000000 38151 38156
51000000 38869 38875
52000000 39602 39604
53000000 40369 40369
54000000 41145 41146
55000000 41914 41914
56000000 42690 42694
57000000 43446 43453
58000000 44171 44178
59000000 44932 44939
60000000 45680 45692
61000000 46436 46445
62000000 47201 47211
63000000 47969 47990
64000000 48713 48733
65000000 49430 49445
66000000 50160 50167
67000000 50917 50923
68000000 51678 51684
69000000 52394 52399
70000000 53144 53150
71000000 53903 53911
72000000 54619 54624
73000000 55343 55351
74000000 56045 56050
75000000 56784 56790
76000000 57564 57573
77000000 58302 58307
78000000 59091 59088
79000000 59838 59845
80000000 60577 60585
81000000 61289 61297
82000000 62080 62091
83000000 62824 62828
84000000 63533 63536
85000000 64317 64322
86000000 65036 65044
87000000 65797 65805
88000000 66516 66524
89000000 67265 67271
90000000 68024 68030
91000000 68774 68779
92000000 69546 69553
93000000 70322 70332
94000000 71070 71072
95000000 71843 71847
96000000 72602 72608
97000000 73323 73338
98000000 74109 74122
99000000 74908 74913
100000000 75674 75681
101000000 76458 76461
102000000 77215 77222
103000000 78005 78015
104000000 78735 78748
105000000 79471 79483
106000000 80168 80185
107000000 80954 80973
108000000 81722 81737
109000000 82472 82480
110000000 83194 83200
111000000 83918 83929
112000000 84718 84737
113000000 85471 85488
114000000 86190 86214
115000000 87027 87045
116000000 87769 87791
117000000 88522 88533
118000000 89312 89322
119000000 90080 90098
120000000 90826 90845
121000000 91544 91559
122000000 92294 92306
123000000 93027 93045
124000000 93786 93803
125000000 94532 94554
126000000 95281 95306
127000000 96042 96063
128000000 96820 96834
129000000 97525 97541
130000000 98282 98290
131000000 99044 99051
132000000 99830 99839
133000000 100581 100587
134000000 101331 101339
135000000 102082 102085
136000000 102803 102810
137000000 103554 103568
138000000 104304 104321
139000000 105020 105031
140000000 105791 105797
141000000 106513 106523
142000000 107269 107271
143000000 108030 108040
144000000 108750 108757
145000000 109431 109441
146000000 110145 110163
147000000 110887 110909
148000000 111663 111675
149000000 112419 112425
150000000 113162 113163
151000000 113901 113903
152000000 114670 114677
153000000 115428 115435
154000000 116173 116174
155000000 116924 116926
156000000 117698 117706
157000000 118428 118433
158000000 119189 119198
159000000 119987 119994
160000000 120705 120716
161000000 121476 121486
162000000 122253 122260
163000000 123020 123022
164000000 123781 123791
165000000 124530 124540
166000000 125231 125237
167000000 125991 125998
168000000 126749 126748
169000000 127527 127535
170000000 128319 128324
171000000 129096 129115
172000000 129875 129885
173000000 130597 130610
174000000 131369 131378
175000000 132145 132154
176000000 132892 132899
177000000 133644 133647
178000000 134388 134390
179000000 135153 135153
180000000 135876 135883
181000000 136703 136704
182000000 137437 137440
183000000 138119 138127
184000000 138854 138858
185000000 139553 139563
186000000 140315 140324
187000000 141048 141055
188000000 141795 141805
189000000 142526 142538
190000000 143260 143271
191000000 144017 144026
192000000 144784 144790
193000000 145543 145550
194000000 146249 146251
195000000 146978 146984
196000000 147768 147774
197000000 148497 148505
198000000 149223 149224
199000000 149948 149951
200000000 150744 150747
201000000 151475 151472
202000000 152242 152245
203000000 152990 152984
204000000 153746 153743
205000000 154508 154511
206000000 155215 155213
207000000 155964 155957
208000000 156745 156749
209000000 157510 157508
210000000 158267 158268
211000000 159059 159063
212000000 159790 159791
213000000 160530 160529
214000000 161306 161310
215000000 162093 162099
216000000 162863 162865
217000000 163577 163582
218000000 164330 164331
219000000 165066 165071
220000000 165812 165819
221000000 166578 166578
222000000 167324 167325
223000000 168125 168125
224000000 168877 168878
225000000 169609 169608
226000000 170395 170403
227000000 171165 171178
228000000 171866 171870
229000000 172640 172644
230000000 173369 173373
231000000 174151 174153
232000000 174871 174866
233000000 175605 175603
234000000 176339 176341
235000000 177039 177040
236000000 177761 177770
237000000 178496 178506
238000000 179260 179265
239000000 180015 180024
240000000 180756 180757
241000000 181466 181473
242000000 182221 182231
243000000 182960 182966
244000000 183695 183699
245000000 184481 184491
246000000 185235 185244
247000000 185953 185966
248000000 186732 186735
249000000 187498 187505
250000000 188273 188274
251000000 189013 189023
252000000 189811 189817
253000000 190622 190621
254000000 191409 191405
255000000 192169 192162
256000000 192947 192947
257000000 193657 193666
258000000 194396 194404
259000000 195177 195184
260000000 195909 195909
261000000 196685 196681
262000000 197401 197402
263000000 198121 198115
264000000 198859 198858
265000000 199627 199623
266000000 200371 200380
267000000 201161 201160
268000000 201953 201966
269000000 202717 202730
270000000 203462 203477
271000000 204186 204205
272000000 204957 204980
273000000 205696 205704
274000000 206447 206443
275000000 207237 207234
276000000 208017 208020
277000000 208754 208757
278000000 209559 209558
279000000 210321 210314
280000000 211072 211065
281000000 211808 211799
282000000 212570 212566
283000000 213365 213361
284000000 214110 214110
285000000 214889 214886
286000000 215669 215666
287000000 216440 216440
288000000 217173 217170
289000000 217917 217911
290000000 218653 218648
291000000 219408 219405
292000000 220154 220150
293000000 220913 220910
294000000 221681 221677
295000000 222426 222424
296000000 223189 223183
297000000 223996 223988
298000000 224776 224773
299000000 225529 225531
300000000 226278 226269
301000000 227008 226996
302000000 227776 227771
303000000 228528 228521
304000000 229288 229285
305000000 230031 230027
306000000 230770 230769
307000000 231523 231518
308000000 232332 232324
309000000 233094 233081
310000000 233835 233830
311000000 234585 234586
312000000 235338 235333
313000000 236068 236062
314000000 236825 236824
315000000 237600 237604
316000000 238327 238334
317000000 239074 239081
318000000 239841 239851
319000000 240591 240593
320000000 241312 241314
321000000 242066 242071
322000000 242823 242826
323000000 243599 243602
324000000 244361 244359
325000000 245138 245136
326000000 245930 245934
327000000 246685 246690
328000000 247499 247510
329000000 248207 248212
330000000 248958 248964
331000000 249701 249702
332000000 250445 250445
333000000 251175 251180
334000000 251934 251935
335000000 252719 252724
336000000 253476 253486
337000000 254209 254205
338000000 254976 254981
339000000 255758 255754
340000000 256533 256535
341000000 257294 257290
342000000 258067 258067
343000000 258801 258796
344000000 259586 259577
345000000 260396 260380
346000000 261163 261153
347000000 261905 261898
348000000 262682 262677
349000000 263396 263387
350000000 264173 264163
351000000 264942 264938
352000000 265644 265633
353000000 266380 266374
354000000 267159 267149
355000000 267884 267880
356000000 268610 268609
357000000 269365 269364
358000000 270185 270181
359000000 270906 270906
360000000 271682 271683
361000000 272457 272455
362000000 273258 273262
363000000 274025 274026
364000000 274759 274766
365000000 275546 275553
366000000 276257 276261
367000000 277051 277053
368000000 277800 277806
369000000 278560 278567
370000000 279372 279372
371000000 280153 280156
372000000 280894 280894
373000000 281626 281630
374000000 282357 282360
375000000 283135 283137
376000000 283942 283941
377000000 284735 284741
378000000 285458 285467
379000000 286219 286227
380000000 287001 287006
381000000 287765 287768
382000000 288523 288531
383000000 289321 289318
384000000 290028 290022
385000000 290848 290849
386000000 291625 291621
387000000 292402 292399
388000000 293176 293176
389000000 293935 293935
390000000 294740 294735
391000000 295505 295494
392000000 296274 296269
393000000 297060 297056
394000000 297810 297806
395000000 298602 298599
396000000 299336 299330
397000000 300104 300097
398000000 300861 300853
399000000 301590 301581
400000000 302378 302369
