# Steps Temp KinEng PotEng Epair Ebond Eangle Bonds
401000000 309.54526340077961777 12916.816153417099486 4575.9763852755186235 -2580.3541359678029039 -970.99499381595990144 8127.3255150592822247 14532
402000000 309.22248275736734513 12903.347046563283584 4394.5584265145571408 -2665.8643785556837429 -1065.3129684328937401 8125.7357735031346238 14525
403000000 313.78956403911502093 13093.923857934703847 4439.0361252857674117 -2588.3790455503558405 -1008.8101918150910024 8036.2253626512156188 14520
404000000 308.42756609779428345 12870.176478110101016 4502.6366988997688168 -2530.1125700764614521 -981.59304240999608737 8014.3423113862254468 14520
405000000 309.7455122751796921 12925.172210515624101 4539.7765490632536967 -2561.3665958234851132 -939.09935807155272869 8040.2425029582909701 14529
406000000 306.80037860020451035 12802.276612602248861 4422.7089928750283434 -2652.7160572464172219 -998.15461945746369565 8073.5796695789085788 14529
407000000 308.00618862100191109 12852.593087108989494 4400.2117240050574765 -2618.6685986992570179 -1040.5823432953689007 8059.4626659996829403 14527
408000000 316.26873377021172473 13197.375544702177649 4309.4951561962734559 -2629.6543240729861282 -1056.1805493997298981 7995.3300296689885727 14530
409000000 312.95416546110550371 13059.06404541997108 4511.0063692666899442 -2509.7215688348383082 -1094.1526730366761058 8114.8806111382036761 14523
410000000 308.65201706328952014 12879.542448775933735 4450.384631582327529 -2640.5894057797013375 -995.33093299606059645 8086.3049703580891219 14526
411000000 308.97036103242623994 12892.826420488865551 4552.2833365563274128 -2617.1128038036567887 -922.89777531416416423 8092.2939156741467741 14523
412000000 308.71369406386969558 12882.11612885307477 4451.2212340835940267 -2641.802081177002492 -1015.7892284200370341 8108.8125436806312791 14526
413000000 308.93566779328551775 12891.37872852025248 4344.3134751262514328 -2612.7326168856443473 -1113.684601472479244 8070.7306934843745694 14522
414000000 309.97211462626000866 12934.627954973411761 4528.1797967656248147 -2631.1261306824790154 -870.29727641011857031 8029.6032038582216046 14520
415000000 308.17801279863084574 12859.763028230885539 4507.7920146526521421 -2595.8801979852678414 -975.2883536118339407 8078.9605662497542653 14519
416000000 312.10355344441370562 13023.569401060738528 4422.5344241608927405 -2677.576014394914182 -966.13776975926873547 8066.2482083150762264 14521
417000000 307.12753152562379455 12815.928167613194091 4350.2885497599263545 -2640.2813926977564734 -1028.8793714732173612 8019.4493139308988248 14530
418000000 309.33235833297874251 12907.93197412551126 4470.5518076730368193 -2602.6800840731980315 -929.16857187599578083 8002.4004636222307454 14523
419000000 310.44207647327607447 12954.23869206024392 4381.3499681712655729 -2675.9248418700080947 -1013.3083349409781704 8070.5831449822526338 14524
420000000 311.79505544317601107 13010.696285439762505 4467.7774215886156526 -2674.4270820487349738 -979.43785836324616412 8121.6423620005953126 14522
421000000 310.42676817445897086 12953.599901857900477 4359.4047692226931758 -2620.7816450520713261 -1026.8990780737383375 8007.0854923485021573 14522
422000000 308.57148652641632225 12876.182041551157454 4360.1510586250706183 -2615.0657574011302131 -1065.3018886555823883 8040.518704681784584 14527
423000000 312.05131898668088297 13021.389742809808013 4557.6582751686255506 -2579.5211613670335282 -991.88354996075042891 8129.062986496409394 14525
424000000 311.50003969521901581 12998.385762135809273 4458.7272702913996909 -2641.1083513224930357 -958.33600779118864921 8058.1716294050820579 14529
425000000 311.80776997473304846 13011.226841988405795 4386.4218093544250223 -2583.159338567085797 -1057.7370155866487949 8027.3181635081600689 14531
426000000 308.72783339855732265 12882.706140099524418 4541.027074545184405 -2540.1627373311789597 -947.71556416010071189 8028.9053760364640766 14527
427000000 309.4216484136326244 12911.657902745639149 4505.0177817834846792 -2606.2936550758358862 -995.50474703112035968 8106.8161838904406977 14530
428000000 308.54159065858124222 12874.934536018912695 4460.5777707648285286 -2610.8482065076659637 -961.43555535604991746 8032.8615326285435003 14530
429000000 310.06853039240883163 12938.651226762334773 4477.9990903573807373 -2621.874275073240824 -980.98141945542556641 8080.8547848860462182 14525
430000000 309.16191524775695143 12900.819663724621932 4537.8419615110906307 -2632.8535837371887283 -955.42301327851669157 8126.1185585267958231 14532
431000000 311.14834994722781403 12983.710325762027423 4408.3787782605650136 -2639.9561556403541545 -1037.4746116277851797 8085.8095455287048026 14529
432000000 310.90967085269949166 12973.750638607341898 4509.7606632043898571 -2640.9796708870408111 -909.43615635311857659 8060.1764904445499269 14517
433000000 308.89563783020298615 12889.708343814363616 4330.8388069481279672 -2624.2910813947419228 -1044.7195258772283069 7999.8494142200979695 14523
434000000 311.47746069944963665 12997.443577674392145 4385.2859616644891503 -2651.1570252144229016 -963.86746330522782955 8000.310450184138972 14524
435000000 312.41379853301145886 13036.515419771834786 4496.4136520446882059 -2590.0890955315662723 -972.47423720327230967 8058.9769847795250826 14522
436000000 310.59811622420789945 12960.749974944264977 4457.6189700172972152 -2589.3451090592125183 -1001.0964213105103227 8048.060500387020511 14523
437000000 310.59525377194580642 12960.630529506104722 4470.8379191183357761 -2609.2329537934974724 -1004.6830741720482365 8084.7539470838819398 14521
438000000 310.02462762542825203 12936.819236301604178 4434.2792720368397568 -2628.4161064931131477 -991.87244543918586714 8054.5678239691387716 14516
439000000 311.49770791625564925 12998.288460824041977 4521.9659192097369669 -2607.0506981377216107 -939.40424340970014327 8068.4208607571572429 14516
440000000 308.74540707014432428 12883.439460592095202 4448.3775173508729495 -2570.2905123405980703 -1005.8843491938084753 8024.5523788852797225 14509
441000000 311.47893752023719571 12997.505202983707932 4397.7646070371320093 -2612.3189117809060917 -1004.5302640264769707 8014.6137828445143896 14516
442000000 308.00734967075595705 12852.641535810977075 4328.2924665283244394 -2623.7762791908689906 -1067.0476743942876965 8019.1164201134824907 14519
443000000 310.67228741193093811 12963.845016959037821 4469.8728230975057159 -2699.1021102248455463 -871.86567553252029938 8040.8406088548708794 14522
444000000 307.15115756224707866 12816.914043372184096 4569.1836957185169013 -2658.5708757377960865 -935.21019407624544328 8162.9647655325588858 14522
445000000 308.74216060095295688 12883.303990757305655 4276.9772011171571648 -2688.5014341129890454 -1025.4716602358475939 7990.9502954659928946 14520
446000000 312.89754596690903554 13056.701406789352404 4404.1213077573302144 -2671.8629706633178102 -1035.3683721726997646 8111.3526505933477893 14525
447000000 308.72698982597842132 12882.670939199359054 4445.0363390977436211 -2600.6201322676815835 -923.32685837159920084 7968.983329737024178 14516
448000000 311.76161924524257074 13009.301047739043497 4274.3645682485685029 -2615.8361960046595414 -1026.535667188573143 7916.7364314418009599 14516
449000000 305.04245377418078533 12728.921292802451717 4480.3653754975121046 -2592.0288817438467959 -1011.8537890388505502 8084.2480462802095644 14525
450000000 311.04058992561766672 12979.213676798530287 4448.0580366108506496 -2655.9110722724067273 -913.98436112194292491 8017.9534700051999607 14521
451000000 311.17098099976936965 12984.65468246716955 4438.9381884079293741 -2671.0301670680746611 -970.81189593282101669 8080.7802514088252792 14527
452000000 310.36759536753726252 12951.130717674972402 4372.178074381928127 -2629.4706849196545591 -1011.2764780634634008 8012.9252373650451773 14530
453000000 312.90187221896940173 13056.881934192302651 4363.5091555115395749 -2611.646432137604279 -1080.6335153645172795 8055.7891030136615882 14532
454000000 310.67167705913118425 12963.819547937748212 4185.1037614128290443 -2617.9561805608532268 -1141.5181730506119493 7944.5781150242946751 14529
455000000 307.81209810278551231 12844.494008113630116 4368.3445255956685287 -2606.7587477230081277 -980.06719949365685807 7955.1704728123340828 14529
456000000 310.95874743679962648 12975.798523970841416 4506.1893767026995192 -2586.0795076556137246 -995.91645531021413262 8088.1853396685273765 14535
457000000 315.02044939714397742 13145.286685137805762 4382.981118618594337 -2611.9120165399522193 -1035.3825495364380913 8030.2756846949851024 14530
458000000 308.70139896219848197 12881.603074425654995 4486.1145160930518614 -2610.6335938467664164 -943.14166676448019189 8039.8897767042981286 14526
459000000 311.56714948064308146 13001.186143414122853 4393.3186149373368607 -2676.7696944728750168 -1006.7027082691560054 8076.7910176793666324 14533
460000000 313.68022289409287851 13089.361231284441601 4257.5576183056919035 -2685.473039889167012 -1024.1055807506322708 7967.1362389454898221 14529
461000000 310.62251005833940098 12961.767889634000312 4391.0226552580152202 -2711.8164214160892698 -961.67035502903695487 8064.5094317031407627 14520
462000000 309.42521356470246019 12911.80667065254238 4402.9201882011075213 -2629.6112732041801792 -965.5470087387161584 7998.0784701440034041 14524
463000000 310.69333915380951794 12964.723471620456621 4562.5355299254288184 -2633.0467973807217277 -966.91256964876970414 8162.4948969549204776 14520
464000000 310.26520296741443872 12946.858050752651252 4507.8979930099703779 -2581.8512539742578156 -933.67024337545774415 8023.4194903596871882 14518
465000000 312.04391601470086925 13021.080828930769712 4463.2685954231956202 -2602.858096643045883 -1015.1853631113026495 8081.3120551775446074 14526
466000000 306.33505481593829245 12782.859414267033571 4257.3948132304149112 -2665.189411831110192 -1119.4115870519869986 8041.9958121135114197 14531
467000000 309.48294619704853403 12914.215758712472962 4328.7972798321870869 -2648.612437167623284 -1108.4955483692042435 8085.9052653690159786 14533
468000000 308.76071879787889429 12884.078393877540293 4373.1909166801588071 -2567.8635772434518003 -1042.3232179819365228 7983.3777119055466756 14533
469000000 309.48432272672806675 12914.273199038339953 4467.45333233358906 -2607.559251556858726 -960.35797085804961171 8035.3705547484978524 14526
470000000 311.78194204711479642 13010.14908492954055 4568.0900880236386001 -2581.8945362925815061 -1002.7278151848654488 8152.7124395010851003 14528
471000000 305.58254849005186315 12751.458559480981421 4513.4826830895981402 -2641.1619898761578042 -876.8962460452828509 8031.540919011038568 14521
472000000 308.90323989045936059 12890.025565320647729 4540.120281155522207 -2634.9700074759875861 -901.40340945987452415 8076.4936980913844309 14525
473000000 306.78387366498702704 12801.587888725533048 4421.5404650390719326 -2657.3130834912544742 -973.62940048246400693 8052.4829490127904137 14529
474000000 307.24654115579238578 12820.894244291239374 4391.7155381393968128 -2631.0352826625044145 -995.87818242843331973 8018.6290032303350017 14529
475000000 308.51476987682355002 12873.815348785197784 4469.4199145384109215 -2630.2603832757586133 -1044.4651706904567163 8144.1454685046264785 14527
476000000 310.82188503069352237 12970.087480233441966 4544.9046223695067965 -2617.9409326241056988 -927.19247599650975644 8090.0380309901211149 14535
477000000 308.09763169786066328 12856.408856729596664 4391.3876203723430081 -2580.8743232817314492 -1054.5607411964549556 8026.8226848505273665 14528
478000000 305.462995114283558 12746.469793190863129 4352.936264270691936 -2606.5465697142362842 -1078.6175258760895304 8038.1003598610177505 14537
479000000 311.2702383549891465 12988.796529107505194 4322.5003569587743186 -2604.0789885508092993 -1106.6812565239588366 8033.2606020335424546 14533
480000000 307.35767935883774271 12825.531859225437074 4263.3221686961742307 -2626.6692346143936447 -1118.6589612212196698 8008.650364531788 14538
481000000 312.71826618106405249 13049.220355364621355 4465.2001416150524165 -2599.9480290843316652 -1023.5529444705168771 8088.7011151699007314 14531
482000000 308.40742054249301418 12869.335837128306594 4473.9100881547537938 -2531.5989256447446678 -1029.0288461991826807 8034.5378599986806876 14531
483000000 308.93461267666754111 12891.334700234292541 4273.7774639298850161 -2614.1357367360697026 -1130.9214963411095596 8018.8346970070642783 14530
484000000 309.47624777206141289 12913.936244423915923 4404.3223917716304641 -2590.0327897107404169 -1015.1257230821144049 8009.4809045644851722 14521
485000000 311.03689767199375638 12979.0596051105058 4417.1957547958327268 -2597.4239418830134127 -1013.1747259976857549 8027.7944226765321218 14531
486000000 311.40856014090473991 12994.568470370812065 4354.5813818703227298 -2605.7826775963449109 -1154.25638267754357 8114.6204421442116654 14539
487000000 309.33385191164660455 12907.994298713687385 4462.0490327464704023 -2572.7659158557780756 -1084.8182166806561781 8119.633165282903974 14525
488000000 314.29160339364329957 13114.873136799378699 4444.3421600567262431 -2552.504505361763222 -1041.1817042504678739 8038.0283696689575663 14522
489000000 306.54316921659972195 12791.543686876115316 4384.4161267107811 -2524.0338306088378886 -1063.0984543204338024 7971.5484116400539278 14527
490000000 306.90165858839344537 12806.502860399044948 4471.23512598169782 -2561.3621275006471478 -963.44003083314703417 7996.0372843154927978 14534
491000000 308.87966796428065663 12889.041947501762479 4342.1659968761814525 -2565.7343290792737207 -1108.3009160667838842 8016.2012420222381479 14545
492000000 311.70892321102826372 13007.102128658576476 4515.4628248264652939 -2528.29736760600872 -1015.2562827979932081 8059.0164752304681315 14532
493000000 309.9026850155506736 12931.730771190714222 4366.7358795084855956 -2621.0525090596220252 -1046.6746181748867457 8034.463006742995276 14528
494000000 312.6134666657818002 13044.847243474630886 4417.4758500515345077 -2575.174411423213769 -1052.8080210117423121 8045.4582824864910435 14531
495000000 309.14985476103515794 12900.316399394247128 4390.5086988681405273 -2612.5815938445784923 -971.18496085721199051 7974.2752535699310101 14521
496000000 310.33276072763186448 12949.677125284364593 4350.1012007753261059 -2637.4997237131183283 -1089.0610633778028387 8076.6619878662477277 14522
497000000 311.63769891992501471 13004.130055806514065 4637.9452160264290796 -2640.7602658071559745 -984.74640283778990124 8263.4518846713763196 14520
498000000 310.35809208387706803 12950.73416123426432 4515.8253993278776761 -2636.502411889924133 -939.91678078997188095 8092.2445920077734627 14516
499000000 310.25050675346204798 12946.244801847826238 4422.216302046635974 -2572.0998293418110734 -955.19284639064358089 7949.5089777790917651 14514
500000000 311.9142151298896124 13015.668623731320622 4521.0960696445690701 -2645.4160711054737476 -1012.8151238269067562 8179.3272645769493465 14523
501000000 313.34508199420298524 13075.376351199993223 4282.5679591807065663 -2643.0591140358019402 -974.33038627187556813 7899.9574594883843019 14527
502000000 308.53457633881862421 12874.641839959474964 4467.4994286590290358 -2669.04271368736363 -1091.1374178717358063 8227.6795602181300637 14539
503000000 308.65149284771354132 12879.520574119718731 4357.6187325708406206 -2654.431169159410274 -1067.2998166261772894 8079.3497183564286388 14534
504000000 311.30078198123476341 12990.071064535826736 4282.9307670728585435 -2572.0342222467206739 -1127.3595295689101476 7982.3245188884902745 14531
505000000 308.62116548129660032 12878.255062859358077 4396.1858978550808388 -2635.7149467886310958 -1092.8638540621413995 8124.7646987058533341 14530
506000000 311.52080317091605366 12999.252187922262237 4411.1240581299671248 -2679.2386765194914915 -997.23129005966393379 8087.5940247091220954 14528
507000000 311.78946075960965345 13010.462828470434033 4490.5704067311125982 -2657.3687612756839371 -876.19141772555553871 8024.1305857323532109 14523
508000000 309.12288117840807899 12899.190836030862556 4624.2418579980194409 -2565.107826450358516 -874.61496607704111739 8063.9646505254186195 14527
509000000 306.3419198368698062 12783.145880331116132 4475.3336220730416244 -2592.8866114871939317 -933.40089238339157873 8001.6211259436277032 14526
510000000 310.27608009229601294 12947.311935334279042 4399.9115047402065102 -2614.9534194009270323 -1007.6669529958776366 8022.531877137011179 14524
511000000 307.85856653526468563 12846.433059587641765 4623.5757005295754425 -2568.8591143360058595 -857.46531953541921212 8049.9001344010002867 14514
512000000 312.64436943249387468 13046.136765245586503 4510.8458553297878098 -2586.4009962125710445 -964.71924241610531681 8061.9660939584646258 14528
513000000 310.26582058739359127 12946.883823021416902 4323.0905591694699979 -2596.3030422266178903 -1077.6356901545432265 7997.0292915506306599 14521
514000000 311.70726813731147331 13007.033065146877561 4658.3935608603569563 -2577.9359963257102208 -955.38266172391172404 8191.712218909980038 14521
515000000 308.79094317480826248 12885.339607555499242 4688.0408733372241841 -2588.3668211298104325 -875.93222706951200962 8152.3399215365461714 14518
516000000 307.79640146724614169 12843.839013256780163 4420.8792980978014384 -2562.8811658970189455 -1066.3340632282677234 8050.0945272230874252 14527
517000000 308.12925960580338369 12857.728637454796626 4482.9081144922774911 -2623.3418945609410002 -978.31786960613692372 8084.5678786593553014 14524
518000000 308.92575669218064149 12890.965154526442348 4472.2637907580838146 -2638.0926990319708239 -897.95862587330725546 8008.3151156633621213 14530
519000000 312.37177478604036196 13034.76183773430057 4277.550960874887096 -2598.6404128936128473 -1113.8411802102962156 7990.0325539787954767 14528
520000000 312.00929606126680937 13019.636195054499694 4455.4936657875541641 -2578.1954898407511791 -1018.1400237870874435 8051.8291794153919909 14530
521000000 307.48404249436896407 12830.804785621707197 4486.2772582597553992 -2554.5646906525362283 -987.03220711829726497 8027.8741560305888925 14530
522000000 308.46516710842143993 12871.745506613777252 4499.8174981197062152 -2602.0679481392430716 -966.23366700132396545 8068.1191132602734797 14527
523000000 313.65625378660774913 13088.361039741061177 4633.1542828261099203 -2575.1284062794848069 -828.61972418238815408 8036.9024132879840181 14521
524000000 309.24627768487869162 12904.339969862032376 4635.6866392115980489 -2587.747457976665828 -903.42816500527897006 8126.8622621935428469 14520
525000000 309.12400927311915666 12899.237909572957506 4515.329778905819694 -2554.293173044940886 -968.20884865752145743 8037.8318006082827196 14518
526000000 310.20682460613880949 12944.422017483557283 4590.2514914747371222 -2518.7555250626614907 -909.28404202850686033 8018.2910585659055869 14516
527000000 309.97082805257980453 12934.574268363860028 4542.2543831364955622 -2572.7817988331107699 -904.33825206229664673 8019.3744340319035473 14516
528000000 313.72040334622909086 13091.037895651721556 4526.2027477666333652 -2637.872535463483473 -955.87018788842749473 8119.9454711185444467 14517
529000000 310.98608526049775946 12976.939286516724678 4614.1056695506094911 -2661.7676672937473086 -878.77816639887646488 8154.6515032432344015 14516
530000000 306.57170415788033324 12792.734403175310945 4637.4552388599095138 -2598.8270051873096236 -849.09594690791038829 8085.3781909551289573 14512
531000000 306.84780601225338614 12804.255680720872988 4608.2340883643628331 -2596.8067532960735662 -931.49926342859214401 8136.5401050890295664 14522
532000000 312.84687736160663007 13054.587088992173449 4435.2523205026000142 -2626.2181877249036006 -962.37419033353330633 8023.844698561036239 14525
533000000 315.66893705650164748 13172.347011571673647 4335.8890798026441189 -2630.7045532979363998 -1016.2086432142768899 7982.8022763148574086 14523
534000000 311.24596255292266278 12987.783539702257258 4346.1765492530475967 -2615.431365221064425 -1025.5335592956746495 7987.1414737697850796 14524
535000000 309.81244248699630361 12927.965098481818131 4555.4964306577949174 -2620.9633607569903688 -956.42815166947775651 8132.8879430842625879 14523
536000000 309.02931286127699195 12895.286383619320986 4181.6624657632482922 -2701.4263352369762288 -1112.129704160389565 7995.2185051606138586 14528
537000000 309.18035365290808159 12901.589068130564556 4348.444133543434873 -2628.4743886183214272 -1016.729693635191893 7993.6482157969485343 14524
538000000 308.78303987321595514 12885.009815742336286 4619.6269059398182435 -2581.9708599556993249 -872.05992089827861946 8073.65768679379471 14530
539000000 306.95363749180347668 12808.67185478722422 4636.3392263085406739 -2628.3168637682574627 -909.96961111552025159 8174.6257011923171376 14524
540000000 311.87521992968191853 13014.041417983073188 4627.3742614769944339 -2543.1831786151151391 -909.80415374040796905 8080.3615938325165189 14525
541000000 311.9938860143824968 13018.993159072189883 4511.8924721363036952 -2563.6041223158690627 -973.46248447962102546 8048.959078931793556 14528
542000000 311.7159031728165246 13007.393391016094029 4511.9194864507517195 -2525.2509267877894672 -1068.4950250265405884 8105.6654382650813204 14519
543000000 306.69697415166530163 12797.961714559382017 4704.6976059587959753 -2494.7849978404460671 -844.63035274098172067 8044.1129565402234221 14502
544000000 310.34133651619339389 12950.034978875799425 4604.8099270031862034 -2505.4190162616378075 -913.00854777231643311 8023.2374910371399892 14513
545000000 309.54718769607336526 12916.896451103651998 4586.0206629738040647 -2548.6677414421246795 -894.68569526669170955 8029.3740996826209084 14516
546000000 310.73415109378737498 12966.426486939659299 4454.8108672403195669 -2534.3987444919021073 -972.20478970807675978 7961.4144014402991161 14517
547000000 311.22393046180837928 12986.864176675113413 4483.9077374114276608 -2527.0894615536526544 -1004.3461152371502294 8015.343314202230431 14511
548000000 309.06403664952512145 12896.735350352080786 4487.1588996465015953 -2520.2191118289692895 -929.88843729334416821 7937.2664487688161898 14512
549000000 307.48748498136041007 12830.948434957803329 4547.9185958550988289 -2557.6340434170906519 -972.21938260613887905 8077.7720218783288146 14520
550000000 308.41316167893961619 12869.575405336128824 4453.9540422044892694 -2501.5523724558752292 -965.743875364248197 7921.2502900246126956 14526
551000000 310.90091269631216164 12973.385175105639064 4377.8025041367218364 -2555.3484661637867248 -1016.0823998469220442 7949.2333701474308327 14529
552000000 312.40943644450504735 13036.333396972768242 4510.0325627295733284 -2577.6118000732712972 -1036.8637509449145 8124.5081137477591255 14526
553000000 312.69768773377893467 13048.361650510330946 4511.0233842179768544 -2604.2194067193331648 -1037.1801170531393836 8152.4229079904489481 14527
554000000 307.35557560169189628 12825.44407289013543 4327.591720926096059 -2627.7598508062828842 -1062.1395635894407405 8017.4911353218194563 14531
555000000 310.71322630161034795 12965.553329681073592 4332.9174925858569623 -2573.5950705612067395 -1046.4247771363434367 7952.9373402834071385 14530
556000000 306.68202027816982991 12797.337713944414645 4443.6223938634602746 -2622.158633846864177 -1043.5013265931017941 8109.2823543034264731 14534
557000000 313.23881403233366427 13070.941963442339329 4498.8212238127962337 -2631.7912309036387342 -1023.3820657291095131 8153.9945204455452767 14526
558000000 310.8006063159315886 12969.199554365859512 4414.5373411872478755 -2633.2263690258105271 -1002.1943860440828757 8049.9580962571408236 14523
559000000 311.89350889864050487 13014.804586661794019 4361.5412459945182491 -2588.9750126634680782 -1064.8300172633912553 8015.3462759213780373 14531
560000000 306.37957734093600948 12784.717266213347102 4386.9636927684441616 -2602.7346359736648083 -1035.0188038762610176 8024.7171326183697602 14530
561000000 307.64392731651179247 12837.476517021023028 4324.2167694059025962 -2629.8097880414616156 -1082.9722881520519877 8036.9988455994152901 14526
562000000 307.33060276754281404 12824.401997479290003 4348.3708225934333313 -2608.0458778481252011 -1048.1963556511022944 8004.6130560926612816 14533
563000000 308.00630458517730403 12852.597926103835562 4463.6034057034539728 -2601.380146643104581 -934.0124173110900756 7998.9959696576479473 14527
564000000 307.22148784788026887 12819.848810842247985 4357.8364995851570711 -2674.326172607899025 -1073.939480717545166 8106.1021529106019443 14538
565000000 307.17215814664626805 12817.790363315891227 4275.1545949273331644 -2676.435841225168133 -1149.5756785634375774 8101.16611471593842 14541
566000000 311.852333740838219 13013.086414858495118 4296.333122128236937 -2621.5202823077061112 -1141.6141865537661033 8059.4675909897096062 14543
567000000 309.54068149946181165 12916.624958189930112 4238.312307877656167 -2658.7708534806042735 -1124.7367692678585627 8021.8199306261194579 14537
568000000 307.31788274633339597 12823.871211856456284 4523.6823661640701175 -2653.5376688273163381 -923.21830979003470929 8100.4383447814216197 14532
569000000 308.56137354377040083 12875.760043371747088 4539.8378715527005625 -2591.1992927793494346 -989.82202273323173358 8120.8591870652817306 14533
570000000 313.48109503168871015 13081.051952177922431 4402.9940215649648962 -2697.7721892288063827 -973.99602387339518828 8074.7622346671660125 14533
571000000 311.66595648870850255 13005.309197806325756 4490.5278278159630645 -2648.8739715519941456 -985.47481206905331419 8124.876611437010979 14530
572000000 310.67538227135651141 12963.974160366955402 4423.3257871404994148 -2620.132947082030114 -1006.9241551434532767 8050.3828893659829191 14532
573000000 309.31533296606983185 12907.221533487876513 4429.7152385609897465 -2618.2567377869936536 -1060.1789228135892245 8108.1508991615719424 14529
574000000 313.71470306196772526 13090.800032138587994 4508.3300695661528152 -2547.5960137742413281 -1023.9987413157225546 8079.9248246561155611 14528
575000000 307.54736610600321001 12833.447176077512268 4466.2289209689861309 -2573.3180081601512939 -1044.1544965164880523 8083.7014256456241128 14533
576000000 311.72927581919549311 13007.951409616876845 4414.0126607861711818 -2637.3358723024571191 -968.95784511593546995 8020.3063782045628614 14523
577000000 308.80187518730792817 12885.795782507406329 4419.4058595474343747 -2620.8170898263742856 -960.18493707060076758 8000.4078864444072678 14524
578000000 310.91837797898125473 12974.113972706434652 4474.0557608817380242 -2658.8504489100860155 -979.29713486283435486 8112.2033446546593041 14531
579000000 310.37808865073333209 12951.568585172606618 4485.8393273966266861 -2631.2866599277253954 -1029.5139551024046796 8146.6399424267574432 14526
580000000 309.38469822740711379 12910.116032076819465 4448.8407012972429584 -2688.9305060742130991 -971.79896815491088091 8109.5701755263671657 14531
581000000 309.39232023613624278 12910.434086000153911 4391.7249302557102055 -2602.0032254780117 -1027.4782619450356833 8021.2064176787571341 14529
582000000 310.38271843294427299 12951.761778390915424 4531.5718138887823443 -2637.859657173098185 -947.86289882468770429 8117.2943698865692568 14521
583000000 308.85113026852855 12887.851116262989308 4436.970158865608937 -2664.5255758511925706 -947.0951096991027498 8048.5908444159049395 14521
584000000 311.68175017156272588 13005.968242288454348 4403.7745731239792804 -2644.7799899431734048 -1069.6351476836825896 8118.1897107508339104 14529
585000000 310.81827268528013519 12969.936742983985823 4537.8600229376770585 -2630.210670314161689 -923.54609814407353952 8091.6167913959134239 14526
586000000 309.65750151879592522 12921.499665999055651 4383.6761029028566554 -2590.1836652077035978 -1030.9392016367539782 8004.7989697473149135 14525
587000000 308.42423803189888076 12870.037603378679705 4444.4043265486570817 -2626.1885363097626396 -999.91769446360308393 8070.5105573220234874 14524
588000000 307.08087307625783069 12813.981187046143532 4656.7616078644050503 -2604.3088670985735007 -976.08614502393675139 8237.1566199869157572 14529
589000000 304.57710954784408841 12709.503241453163355 4542.9962233256655963 -2564.8933671308673183 -998.44504009461502392 8106.3346305511477112 14522
590000000 313.87871684482013279 13097.644058296365984 4590.701511347286214 -2553.5121817997132894 -907.20670638545880138 8051.4203995324569405 14516
591000000 307.97730876829638191 12851.387978221724552 4701.0305383954982972 -2489.5605321826988074 -949.86881122679233158 8140.459881804989891 14511
592000000 307.39770963232314216 12827.202256883929294 4522.2975273965384986 -2529.3008679664280862 -983.37731630863390819 8034.9757116715991287 14519
593000000 309.31380648569205505 12907.15783596530855 4494.6403093377766709 -2570.1648192328789264 -1000.3362055888202349 8065.1413341594761732 14527
594000000 312.8474949646995924 13054.61286055630444 4474.8898992422709853 -2530.2339263660551296 -1020.0023693789717072 8025.1261949872978221 14532
595000000 309.00741292612622146 12894.372535243783204 4561.3538213051306229 -2559.1839313624200258 -1064.6541051776084714 8185.1918578451586654 14530
596000000 311.73553335740615466 13008.212526423356394 4315.1735211477171106 -2593.0492501550688758 -1084.3360436819507413 7992.5588149847371824 14535
597000000 310.94812724972621254 12975.355360982543061 4407.6101533534938426 -2537.8559600391308777 -1050.2008989485934762 7995.6670123412186513 14524
598000000 307.60512650129726353 12835.857422639728611 4606.8118939388168656 -2538.448970290154648 -939.56228785215091648 8084.8231520811223163 14521
599000000 307.87460555657713712 12847.10234164124995 4532.7536719228583024 -2586.3512660331143707 -900.05330599018725479 8019.1582439461590184 14523
600000000 311.30144685353764089 12990.098808566561274 4479.7001697887808405 -2622.1498965463811146 -974.28225341710822249 8076.1323197522706323 14524
601000000 309.23579381850578329 12903.902495312984684 4264.3800650923176363 -2579.919592822834602 -1032.3055891480767059 7876.6052470632293989 14524
602000000 307.46443614748187656 12829.986644922675623 4470.8137734188740069 -2640.3072032271570606 -951.70833668792056415 8062.8293133339520864 14527
603000000 310.46344659857476245 12955.130432339599793 4520.0105533608621045 -2634.1214834735865225 -974.15031254149016604 8128.2823493759387929 14530
604000000 312.14945780153919941 13025.484914595388545 4415.0130474122288433 -2596.8097389210329311 -1065.4563508578933124 8077.2791371911553142 14533
605000000 313.64947643780840281 13088.07823209126218 4409.0735834027636884 -2625.1802714347359142 -1001.8484362913789028 8036.102291128878278 14521
606000000 310.7187944215958737 12965.785678195741639 4510.9612720544046169 -2570.7006019350073984 -1020.6029220986758901 8102.2647960880885876 14526
607000000 310.02911137506720252 12937.00633582019509 4547.7502894376084441 -2559.744612272339964 -959.49833575201091662 8066.9932374619593247 14524
608000000 309.42987958081135957 12912.001375851987177 4478.5570293167002092 -2612.585757598177679 -1058.9180936450743502 8150.0608805599504194 14527
609000000 310.70328318899561282 12965.138419899460132 4438.9574547900829202 -2606.7479597555338842 -1057.0273818212958759 8102.7327963669140445 14530
610000000 309.95729415289406461 12934.009520927058475 4374.9061743556558213 -2593.1173698415359468 -1131.5803034085672607 8099.6038476057592561 14531
611000000 311.59479470208151497 13002.339733163542405 4547.2702442404679459 -2593.7303946174665725 -895.5046237292170872 8036.5052625871503551 14525
612000000 309.02893014423932527 12895.270413465035745 4513.3055280943863181 -2541.6708011947648629 -974.64263653065404469 8029.6189658198054531 14522
613000000 314.97010554669117255 13143.185918827864953 4390.1981229819793953 -2635.8275430442154175 -993.12447531292275471 8019.150141339116999 14524
614000000 307.65289907805140501 12837.850893915396227 4362.7657672961195203 -2612.1295114557751731 -1043.4022822497504421 8018.2975610016455903 14525
615000000 309.608234709726446 12919.443842859574943 4360.4884770566623047 -2607.543684627138191 -1013.6250653892623177 7981.6572270730630407 14522
616000000 310.14098129648493796 12941.67448416197476 4449.5364327871920977 -2660.1390196004517747 -1015.6853575945231114 8125.3608099821667565 14530
617000000 310.91579035561989031 12974.00599542755117 4538.2343964396604861 -2622.2949139511893009 -920.33908174631665133 8080.8683921371666656 14525
618000000 308.21796536282676016 12861.430183208178278 4385.5387741162494422 -2646.2514524927028106 -1085.2514879574241604 8117.0417145663768679 14526
619000000 308.11747503499549339 12857.23688664297697 4392.3863468147355889 -2653.6777229262675064 -1036.5738705886765274 8082.6379403296796227 14530
620000000 309.44915234184406927 12912.805596560432605 4479.0233135537382623 -2682.3738663076010198 -956.00894878851920566 8117.4061286498581467 14526
621000000 310.54619661766810168 12958.583454917226845 4443.4832135213218862 -2624.4972317126093913 -968.88000065038761477 8036.8604458843183238 14525
622000000 309.45000920692154978 12912.841352134762928 4388.1136923671465411 -2650.7502395671813247 -971.49382223150144 8010.3577541658287373 14528
623000000 308.8611599109326562 12888.26963679079563 4423.6947912294999696 -2644.2715925028751371 -963.11884897407458084 8031.0852327064494602 14520
624000000 311.13475067336941038 12983.142850368221843 4479.9393072113116432 -2599.7561948458201186 -976.25418424490089819 8055.9496863020340243 14527
625000000 308.42443741022782433 12870.045923109344585 4407.6392133224471763 -2628.929221668684022 -1015.9284290843447707 8052.496864075475969 14522
626000000 308.94603805941966357 12891.81146271765283 4227.7343286573741352 -2654.8600384502460656 -1060.2304245699378953 7942.8247916775580961 14524
627000000 312.27557678411028519 13030.747652889069286 4472.9454780076257521 -2602.1517497896038549 -1038.4242157277699334 8113.5214435249990856 14523
628000000 313.0259029360207137 13062.057532590828487 4574.1126686331526798 -2646.6916107947427008 -980.72478597331371475 8201.5290654012096638 14519
629000000 307.80496955300390027 12844.19654542284843 4338.9490045842157997 -2617.8040241091784992 -1116.4534452995678748 8073.2064739929610369 14531
630000000 310.18008383175441622 12943.306168826309658 4545.9828564851022747 -2610.2025348589713758 -977.43084593831451912 8133.6162372823882833 14528
631000000 313.38304154487417463 13076.960340991661724 4362.4233793411331135 -2720.0287789293561218 -1040.1081198953947933 8122.5602781658844833 14529
632000000 310.26855349820220908 12946.997862907186573 4436.6548826998059667 -2695.6684288508540703 -942.61008410578619987 8074.9333956564460095 14528
633000000 312.35600378377239394 13034.103739675838369 4432.384214304024681 -2690.1593215001853423 -1055.2733496331156857 8177.8168854373252543 14534
634000000 307.32362546695696892 12824.110846169383876 4246.9829224278128095 -2690.9178349089461335 -1032.1558864438372893 7970.0566437805955502 14534
635000000 309.1503062338247787 12900.335238613293768 4468.5470998959935969 -2662.9576781644655057 -961.58305647039833275 8093.0878345308574353 14532
636000000 306.63436308715392897 12795.349057526358592 4438.8530212637560908 -2653.0849655959159463 -983.81068791809070717 8075.7486747777629716 14530
637000000 310.03426868697107466 12937.221541987384626 4359.9233902431969909 -2686.4674489981625811 -1003.7928457000230082 8050.183684941381216 14530
638000000 308.71471016007711796 12882.158528881302118 4436.912852548635783 -2695.0286886676231006 -963.4151971040778335 8095.3567383203353529 14523
639000000 311.37300775422943389 12993.084927584677644 4319.9885881473464906 -2778.0605407834063953 -1039.0284445609352133 8137.0775734916887814 14529
640000000 311.29451827020830024 12989.809690147867514 4257.3737559017954482 -2690.1108549222317379 -1059.7995075275689487 8007.284118351597499 14524
641000000 308.92728126209391348 12891.028772328461855 4270.7044378161026543 -2686.0545457026837539 -1062.0274169829785933 8018.7864005017654563 14527
642000000 309.64860993797873334 12921.128634914724898 4399.3970857021813572 -2701.3960754858781002 -921.10308258133250092 8021.8962437693917309 14518
643000000 307.71034447484271368 12840.247996106723804 4358.3932218707614084 -2705.9153266222851926 -1003.9941081801061955 8068.3026566731532512 14523
644000000 313.45203682774297249 13079.839400985920292 4359.8277831336836243 -2659.3149937818470789 -964.93458559525856799 7984.0773625107885891 14528
645000000 308.3095258534254981 12865.250852311583003 4345.1173455307134645 -2684.9800511524763351 -1078.3299383134906293 8108.4273349966806563 14529
646000000 312.01043148302761665 13019.68357434236168 4489.6659832257228118 -2648.9841095763540579 -962.42143048021785035 8101.0715232822949474 14521
647000000 310.93669779072729398 12974.878428404088481 4229.5765377707039079 -2699.5077112549588492 -1027.1206933288069649 7956.2049423544704041 14529
648000000 311.11996349816570273 12982.525805799565205 4473.2433164802960164 -2625.5308621456342735 -914.61037651325591469 8013.3845551391859772 14525
649000000 309.18323710032018425 12901.709389661900786 4470.3265474020518013 -2681.6516037621622672 -912.94701945618032823 8064.9251706203940557 14525
650000000 311.30210959503313006 12990.126463682199756 4456.4841449517934961 -2673.2741625244643728 -1043.0432865346465405 8172.801594010905319 14527
651000000 311.59841433669890876 13002.490774579528079 4399.109711460847393 -2662.6825550203056991 -1036.8147545486149284 8098.6070210297675658 14528
652000000 311.06207103911731338 12980.110048433480188 4397.8261716002170942 -2638.3687593109252703 -1033.9815466273769289 8070.1764775385181565 14529
653000000 311.87399773737814712 13013.990417902767149 4384.3521185937488553 -2632.2869525367964343 -966.50891581826465426 7983.147986948810285 14525
654000000 306.53588063527308805 12791.239546331429665 4298.2955082386079084 -2651.2381739868205841 -1048.5246223280182676 7998.0583045534467601 14528
655000000 311.88495622763809934 13014.447697728184721 4184.6760191211542406 -2707.4289974182474907 -1100.7278723429985803 7992.8328888824007663 14527
656000000 313.13740083214730703 13066.710156927370917 4543.3593583084802958 -2624.4304991791709654 -901.96246643823405975 8069.7523239258862304 14520
657000000 308.49143122888887092 12872.841465284835067 4399.109264744115535 -2573.8555182794189022 -1026.8370965029298532 7999.8018795264642904 14526
658000000 309.12777261860793487 12899.394947807903009 4395.0328097162409904 -2679.5609060948281694 -986.99773106900283892 8061.5914468800710893 14519
659000000 311.21096403361650573 12986.323108893035169 4329.0051011942050536 -2608.9858031681092143 -1020.6167434478506948 7958.6076478101649627 14522
660000000 310.1794881608882406 12943.281312458029788 4388.5227133773050809 -2644.0402939316768425 -945.54562493724586147 7978.1086322462269891 14518
661000000 313.09232288473629069 13064.829128114704872 4454.5918981179256662 -2588.9387191556788821 -1014.6259621042878507 8058.15657937789274 14526
662000000 313.80710405529544005 13094.655774042355915 4474.5776260678039762 -2564.9468296883278526 -922.10315948611264503 7961.6276152422442465 14534
663000000 312.30283248750646408 13031.884988689438615 4516.3615211424921654 -2584.5210174973908579 -986.15311586452673964 8087.0356545044087397 14534
664000000 309.4088171777647176 12911.122476317508699 4445.7614815866545541 -2625.8401183586456682 -1011.719104779145141 8083.3207047244450223 14527
665000000 311.70185841621628242 13006.807326358113642 4430.3394887162103259 -2666.855037000395896 -983.89202953128631179 8081.0865552478926475 14528
666000000 309.17693834106205486 12901.446552768717083 4371.5062407668410742 -2634.1345448206320725 -1004.6849473174547711 8010.3257329049274631 14526
667000000 313.29850268666763213 13073.432673091732795 4230.7792307842837545 -2688.4321928170388674 -1080.3918684986570042 7999.6032920999805356 14532
668000000 311.87647824890166248 13014.093925580331415 4344.9498717346614285 -2683.56664747827881 -944.30218886527961786 7972.81870807821997 14532
669000000 311.40203249117104178 12994.296082253487839 4330.3335080907891097 -2636.5705237443953592 -1036.6001328000645572 8003.504164635250163 14527
670000000 309.37662201824599606 12909.779025114397882 4452.6336503544016523 -2617.2050128743594541 -918.93929125398233282 7988.7779544827435529 14526
671000000 306.82177555310408934 12803.16947235338921 4350.5509122540443059 -2630.0838747526968291 -1015.3655674327399083 7996.0003544394812707 14533
672000000 312.50540926092952532 13040.338185196180348 4299.3119080844790005 -2684.346782579327737 -1033.730872739140068 8017.3895634029458961 14534
673000000 309.98533975571621113 12935.179817934951643 4340.1736578399622886 -2635.5102792172879163 -1109.6256778497966025 8085.3096149070479441 14533
674000000 308.30607954363705403 12865.107043456438987 4537.5746767442469718 -2651.7730749472875686 -939.77784677973590988 8129.1255984712706777 14528
675000000 309.90050750753385955 12931.63990735252446 4492.0654011965325481 -2641.8213759221780492 -1017.8181349241143607 8151.7049120428246169 14533
676000000 310.12947424478483072 12941.194313767360654 4379.3635177819169257 -2726.3523438546189936 -1029.0211072913789394 8134.7369689279148588 14524
677000000 308.5827999382465805 12876.654131671593859 4312.6549804036949354 -2701.7512567251778819 -949.3913337648812103 7963.7975708937547097 14523
678000000 307.64265968928208395 12837.423621015776007 4231.6133178899854101 -2652.264368408313203 -1004.0626095558154702 7887.9402958541149928 14525
679000000 311.61032221644802576 13002.987670871225419 4376.2382604293261466 -2651.4835779589866434 -984.27628226088279462 8011.9981206491956982 14525
680000000 311.72268999698263769 13007.676594057407783 4452.107151811017502 -2618.6642557835175467 -954.11209219735223996 8024.8834997918866065 14524
681000000 311.9844547641782242 13018.599608469454324 4405.5754710397213785 -2592.8975698397794076 -1002.7625751545449475 8001.235616034045961 14524
682000000 309.30262839344368331 12906.691392509084835 4271.7624225691843094 -2573.997407287691658 -1077.1359382766577255 7922.8957681335323286 14525
683000000 307.76502491510120763 12842.529721196771789 4465.9138948243480627 -2613.125270999647455 -950.43893158993023462 8029.4780974139257523 14528
684000000 310.18877245859454206 12943.668730974042774 4396.746520791733019 -2614.6324250834341001 -1023.5487268706692703 8034.9276727458363894 14525
685000000 312.31627672849288047 13032.445994815767335 4195.8248444623386604 -2660.5699439298518882 -1055.6067428329615723 7912.0015312251525756 14529
686000000 312.70025086505052059 13048.4686057744766 4334.900010398098857 -2642.5959721529297894 -1036.221533167063626 8013.7175157180918177 14527
687000000 311.84520194882088617 13012.78881687453395 4394.3679675662497175 -2594.7170092364322045 -1012.0561042772338851 8001.1410810799152387 14524
688000000 310.27069615084980114 12947.087272287984888 4452.1110899885952676 -2604.8081255927736493 -972.16332893292644712 8029.0825445142963872 14526
689000000 308.19453152183547218 12860.452327457689535 4518.2497111857737764 -2622.5516838863723024 -844.86688820820154433 7985.6682832803489873 14521
690000000 307.37995342096274953 12826.461319306001315 4470.4752529152419811 -2527.512750383873481 -991.17973272122014805 7989.1677360203357239 14520
691000000 311.4538059183206542 12996.456502454322617 4453.0003587492701627 -2599.5841900818040813 -941.62801834616220731 7994.2125671772373607 14521
692000000 310.67550798681605784 12963.979406266895239 4343.9860024323706966 -2648.8982319469896538 -1020.1911302449676668 8013.0753646243283583 14520
693000000 314.00264014240593724 13102.815174256775208 4445.8100186725778258 -2607.9861773092188741 -968.37333056896250127 8022.1695265507587465 14516
694000000 310.43835760390612677 12954.08350974079076 4475.2916356354544405 -2579.2870255349598665 -929.16748786693256079 7983.7461490373461857 14519
695000000 311.91479269931124918 13015.692724756008829 4296.0208901423866337 -2638.4025255258120524 -1075.1675943826689945 8009.5910100508681353 14522
696000000 309.64773757859290981 12921.092232788319961 4480.4429234965728028 -2629.2030389597262001 -1010.0682772910433869 8119.7142397473417077 14526
697000000 311.00237547966941065 12977.6190506450057 4504.3373465229760768 -2564.1217936402572377 -937.88073980428077903 8006.3398799675142072 14521
698000000 309.724074656389746 12924.277653843573717 4538.9460201921301632 -2681.7594514357015214 -906.1548384932599447 8126.8603101210919704 14523
699000000 310.29275988910336537 12948.007955898347063 4448.8820720838066336 -2616.37030637472526 -953.05710109189578816 8018.309479550427568 14520
700000000 313.88962008440449836 13098.099032601709041 4358.9383636008988105 -2603.4093363451238474 -1084.1816034603059506 8046.529303406327017 14525
701000000 312.3026541561376348 13031.877547213900471 4525.0194664086275225 -2533.691977037829929 -972.31999639847958861 8031.0314398449372675 14522
702000000 309.0173374967061477 12894.786671296695204 4578.5919574720473975 -2621.6098389501376005 -974.40866477636745913 8174.6104611985529118 14520
703000000 306.91154817846569358 12806.915536772745327 4460.7274343945100554 -2581.6672455831449042 -1007.4590950569382812 8049.8537750345931272 14530
704000000 311.66238747807534537 13005.160268846173494 4488.3132307422729355 -2547.4658082396063037 -994.16650298094862137 8029.945541962828429 14525
705000000 309.88589436500978991 12931.030124882157907 4450.4781303640056649 -2575.1871683601575569 -970.54336411045346722 7996.2086628346160069 14522
706000000 306.50555053047753518 12789.973920803022338 4668.6436830062029912 -2603.7187143374931111 -858.68760895840398462 8131.0500063020990638 14514
707000000 313.22444507926434198 13070.342370597420086 4419.5478460930444271 -2575.7942936908839329 -1004.889017537713471 8000.2311573216429679 14520
708000000 309.47955884439551255 12914.074410041894225 4422.2632666927693208 -2601.0274245059526947 -1024.0273536266381598 8047.3180448253606301 14521
709000000 311.49608033106107996 12998.220544363291992 4381.8399676921908394 -2584.500913917519938 -1049.9234375466387519 8016.2643191563493019 14528
710000000 309.23587465135329921 12903.905868335135892 4483.8463753808155161 -2560.0851398925669855 -958.37999361235029028 8002.3115088857321098 14516
711000000 314.62673219967183513 13128.857512226826657 4466.6039140101893281 -2573.5365519226215838 -925.13396289865318067 7965.27442883146432 14517
712000000 309.63738397093004551 12920.660193721603719 4526.3880524966252779 -2561.1190667064483932 -912.69526509447791796 8000.2023842975522712 14521
713000000 308.60534569117339743 12877.594928963713755 4451.8290319530624402 -2523.0144896102046914 -976.95317607487527312 7951.7966976381421773 14522
714000000 306.78441014520592489 12801.610275165179701 4510.8823093701885227 -2585.6808118283988733 -903.92750834019284412 8000.4906295387809223 14521
715000000 309.45672624075706381 12913.121642940044694 4598.0452588176985955 -2539.4615501948319434 -951.22084614744323972 8088.727655159974347 14520
716000000 308.41484566023711977 12869.645675113757534 4653.798862122128412 -2492.0707439513944337 -934.5880519185114963 8080.4576579920340009 14515
717000000 310.80217984780142615 12969.265215270022964 4438.5350823038825183 -2627.7236244839223218 -997.83137530269755189 8064.0900820905026194 14525
718000000 313.51793172284499178 13082.589086883646814 4354.4151840176600672 -2643.4531438987232832 -1114.8043485178445735 8112.6726764342274691 14528
719000000 309.90686763736732701 12931.90530513916201 4469.2648595919654326 -2673.2422554090189806 -967.00955487327576066 8109.5166698742586959 14529
720000000 308.25614051776665292 12863.023169812364358 4394.0782887097175262 -2641.6796005491423784 -1037.1608289452028657 8072.9187182040641346 14527
721000000 312.03071599865722874 13020.530013910747584 4343.0253884051371642 -2651.3226728393797202 -1013.466813639143993 8007.8148748836601953 14523
722000000 309.34990372920776736 12908.664114733766837 4444.27483091148315 -2638.0873069383997063 -977.86973213489750378 8060.2318699847801327 14523
723000000 312.26403309577159462 13030.265953707614244 4247.2493962998214556 -2685.2234271362467553 -1041.9973532823782989 7974.470176718446055 14531
724000000 311.12789028465408592 12982.85657759892274 4341.9935261462214839 -2633.2425366277075227 -1069.3709906653498365 8044.6070534392783884 14538
725000000 308.9736571010569719 12892.963960026911082 4409.8938369792103913 -2697.0496900728435321 -992.25680522918105453 8099.2003322812352053 14535
726000000 314.51072171246300968 13124.016584865566983 4406.2036553444177116 -2578.4151869826227994 -1021.9678480451730138 8006.5866903722144343 14534
727000000 309.67103493846997253 12922.064393405755254 4298.5565224768433836 -2629.6825185061579759 -1049.1333714737365881 7977.3724124567388571 14536
728000000 308.17795999134023077 12859.760824669258 4487.4671430336675257 -2685.8289550846475322 -904.85212452894415947 8078.1482226472580805 14530
729000000 311.44120154370011733 12995.930542573969433 4277.4608404902355687 -2645.4584593880831562 -1026.4640351992038632 7949.3833350775230429 14529
730000000 305.44189584065452436 12745.58935510745323 4397.4076431944258729 -2651.5685286879183877 -940.43305694481557566 7989.4092288271604048 14527
731000000 308.63704010585070137 12878.91748490586906 4323.1251022074629873 -2750.8955365257488666 -1033.8264104251991284 8107.8470491584103002 14529
732000000 308.10850296766204792 12856.86249698832944 4482.4769667229656989 -2614.5989962904632193 -963.49276563605667434 8060.5687286494849104 14532
733000000 311.26636126103943525 12988.634744335844516 4316.4993163319850282 -2693.8984837148104816 -1072.2128587995684939 8082.6106588463653679 14531
734000000 310.89130757271027505 12972.984369051191607 4450.5196160411569508 -2676.0402782328660578 -1013.6835725845205616 8140.2434668585428881 14527
735000000 313.74923163114925728 13092.240852699880634 4347.8758398897243751 -2697.941236551874681 -991.90070938912106158 8037.7177858307204588 14533
736000000 312.12227375013196706 13024.350568715000918 4262.4431208587802757 -2693.0137499861211836 -1118.7526976611893588 8074.2095685060903634 14534
737000000 311.12097925480372851 12982.568191658117939 4223.3193685017540702 -2700.7852421553061504 -1085.4474824822502796 8009.5520931393093633 14531
738000000 307.86862469564761113 12846.852770123930895 4401.5752218028665084 -2681.9439845732304093 -1083.2823246983489298 8166.801531074444938 14530
739000000 309.368316771147704 12909.432460774505671 4395.9858346047458326 -2693.3201730768596462 -981.46703709887674449 8070.7730447804824507 14530
740000000 308.03367094198063114 12853.73987928940187 4443.8687002571732592 -2634.186587415176291 -911.65192243957903884 7989.7072101119292711 14525
741000000 311.52039781152029718 12999.23527293951156 4279.352727838255305 -2728.4795023457968455 -1034.2321268966386469 8042.06435708069057 14531
742000000 313.63890238439427094 13087.636994184900686 4392.2940085793052276 -2652.1373308661209194 -1092.7946646834327566 8137.226004128859131 14534
743000000 309.25119790410377618 12904.545282540593689 4391.9874606457760819 -2701.8540578041761364 -1023.5731785681248311 8117.4146970180781864 14530
744000000 308.56471926075897727 12875.8996546543367 4474.3658630306563282 -2637.1053954568769768 -987.60923793248139191 8099.0804964200142422 14529
745000000 309.92867780145400047 12932.815407515430707 4414.2093630153285631 -2713.0648825021989978 -981.81788634457302578 8109.0921318621003593 14518
746000000 304.56371543465473906 12708.944327077591879 4478.3669115564625827 -2734.1605700876316405 -912.74051579593856331 8125.2679974400334686 14517
747000000 305.68890730103169062 12755.896738223014836 4377.7662364163761595 -2733.8867556535251424 -894.39470509427587785 8006.0476971641764976 14519
748000000 310.89521449085054883 12973.147398337408958 4382.5024399329358857 -2693.3249416969388221 -1004.5616296985650706 8080.3890113284396648 14520
749000000 308.05793510542196145 12854.7523830339087 4587.127108185574798 -2639.1691501500140475 -891.38738058252965857 8117.6836389181171398 14525
750000000 310.52350967249742553 12957.63676590434261 4421.5043390558003011 -2621.9994697698139134 -962.14201524794736997 8005.6458240735610161 14526
751000000 309.96243093914745259 12934.223870592517414 4251.2653491082119217 -2633.6371823742374545 -1057.1590001949375619 7942.0615316773873928 14527
752000000 307.28383714822274442 12822.450544885825366 4455.0051021559111177 -2679.1911541709259836 -939.00645000561894449 8073.2027063324558185 14524
753000000 314.90468304297945679 13140.455945048081048 4500.7074706997300382 -2633.605495864679142 -1033.0490703042162295 8167.3620368686251823 14524
754000000 308.37115866539556919 12867.822688470499997 4481.5309494133171029 -2602.5730010281540672 -1008.5626929106135776 8092.666643352084975 14523
755000000 312.96578500656522692 13059.548909994671703 4441.8276928070090435 -2647.0423735479416791 -961.06772215041326035 8049.9377885053636419 14520
756000000 310.46380967072644808 12955.145582745011779 4395.556453780769516 -2628.2814249162984197 -1038.3841106464690256 8062.2219893435358244 14523
757000000 311.33200800474668313 12991.374075282863487 4239.7873586809555491 -2662.2278027003576426 -1054.0528614329937227 7956.0680228143073691 14525
758000000 311.31469166136338345 12990.651492674187466 4390.1342801920018246 -2679.6653677730978416 -1041.263661958421153 8111.0633099235219561 14531
759000000 313.4047390670018558 13077.865743003725584 4540.1455890519064269 -2639.6492274714510131 -984.54806126548112388 8164.3428777888384502 14527
760000000 311.90239427432391039 13015.175358816068183 4402.5938635916836574 -2651.9854315507864158 -987.98150930223505384 8042.5608044447035354 14519
761000000 313.18933392145692096 13068.877239568279037 4360.2874464246124262 -2616.6900249342697862 -1085.1854373904495787 8062.1629087493301995 14532
762000000 308.68694526252266996 12880.999945243842376 4304.2825839475644898 -2651.3133031798711272 -1025.6227390084764011 7981.2186261359129276 14532
763000000 310.21932377744440146 12944.94358740212374 4390.3764583586798835 -2648.7940218591320445 -914.13048730360003447 7953.3009675214107119 14530
764000000 308.3255392964292696 12865.919067024320611 4363.3218049897513993 -2692.3387562305365464 -948.67595981569422747 8004.3365210359825141 14523
765000000 309.26817437049760429 12905.253682639933686 4131.9930579337269592 -2730.9953642294044585 -1080.7458720392392024 7943.7342942023697105 14523
766000000 310.84393651022713811 12971.007652307525859 4543.1026859281719226 -2676.7295536834585619 -903.21034272929887265 8123.0425823409295845 14517
767000000 312.85818957435833454 13055.059129077028047 4474.3740531406547234 -2671.6659557444809252 -964.52036288811859777 8110.5603717732556106 14528
768000000 309.73917853008515522 12924.907913720868237 4297.5056003027002589 -2665.9198731228179895 -1012.7803975359419155 7976.2058709614611871 14531
769000000 308.31451375217267241 12865.458989145599844 4334.6109567617295397 -2702.412465818479177 -996.65503314106058497 8033.6784557212704385 14527
770000000 307.92602087982083958 12849.247818753421598 4368.1251522185775684 -2659.8741318851880351 -958.5070658387307958 7986.5063499424968541 14532
771000000 311.38187801707539393 12993.455069105031725 4419.5351907770318576 -2634.3094351156005359 -981.39060124173897748 8035.2352271343706889 14529
772000000 310.36716548734938215 12951.112779479783057 4321.6600559522594267 -2671.8378461285574303 -1018.0282920938941515 8011.5261941747103265 14532
773000000 311.7404139383820052 13008.416185062789737 4269.3316840186071204 -2694.9131813471717578 -1047.0082553778429428 8011.2531207436204568 14527
774000000 310.66184217391804623 12963.40915430809946 4187.1860752828397381 -2678.2233197594496232 -1048.4623649023624239 7913.8717599446517852 14535
775000000 311.2899002462489193 12989.616987582110596 4197.1089910409209551 -2647.5602710211205704 -1106.1031495149034072 7950.77241157694516 14539
776000000 313.81494551002811022 13094.98298508750122 4288.5678394174692585 -2706.1773986675771084 -1062.6963904175022435 8057.4416285025490652 14538
777000000 311.35145270441029197 12992.185470708378489 4338.3595637378512038 -2603.4129530691834589 -1036.8606900761355973 7978.6332068831707147 14531
778000000 310.84344011882171799 12970.986938708314483 4305.3068578528018406 -2634.3630021948224567 -1045.1059384965201389 7984.7757985441458004 14534
779000000 306.98433047384907013 12809.952622588118174 4298.1674926890036659 -2617.2762985216272682 -1035.0193423905934651 7950.4631336012243992 14528
780000000 309.7544854724230845 12925.54664731955927 4525.0701793647604063 -2647.1615244585746041 -907.33522366491092725 8079.5669274882457103 14527
781000000 309.38408519852424661 12910.090451386971836 4366.7231127787163132 -2635.3926640688350744 -1014.8608344982608287 8016.9766113458126711 14525
782000000 311.37608765959868151 12993.213446984353141 4470.7668058049439423 -2618.6254756563967021 -991.09327396233697982 8080.4855554236773969 14521
783000000 309.76614928116248393 12926.033358928323651 4372.299332638521264 -2648.2810066310412367 -982.63677036723834135 8003.2171096368010694 14528
784000000 309.32938825227347479 12907.808037528939167 4432.7838274720625122 -2672.4021807376038851 -1032.1165721873146595 8137.3025803969803746 14529
785000000 309.57001343876163446 12917.848931909302337 4270.1287487069002964 -2687.0290983019312989 -1143.9896682034200239 8101.1475152122511645 14538
786000000 312.13755306134947887 13024.988149312355745 4585.4667280787070922 -2667.9071883144160893 -955.6172716846512003 8208.9911880777763145 14529
787000000 308.00395766999753278 12852.49999318258233 4513.3240386754932842 -2613.1150595160070225 -1019.0050369574124716 8145.4441351489131193 14535
788000000 308.70104593271008753 12881.58834308411133 4216.4902041976820328 -2670.4845278835459794 -1155.2959027960068852 8042.2706348772335332 14535
789000000 311.54331390361926424 13000.191523877887448 4233.7436827032688598 -2672.6673789577994285 -1127.706258933519166 8034.1173205945869995 14535
790000000 312.15245190098124795 13025.609853454452605 4393.8766012420410334 -2699.091899070794625 -1018.7393836705107333 8111.7078839833466191 14540
791000000 305.48330114593744611 12747.317130587653082 4464.9781604070385583 -2620.2234811895414168 -1048.6558834749992002 8133.8575250715794027 14535
792000000 311.90085523090817787 13015.111137058529494 4260.8674103846533399 -2641.254157062626291 -1088.4070552573837176 7990.5286227046626664 14530
793000000 307.57521076140449168 12834.609087879109211 4492.3341705318216555 -2575.999581866653898 -938.84510077642607939 8007.1788531749025424 14533
794000000 311.01794598759977362 12978.268782403592922 4233.539613274227122 -2659.3231652402664622 -1101.3807982579323834 7994.2435767724255129 14532
795000000 308.71683729627119419 12882.247290785942823 4369.8649134536444762 -2649.9885676301182684 -993.18159122147528706 8013.0350723052388275 14527
796000000 308.85977678950672498 12888.211921402162261 4284.537767335569697 -2528.906212794239309 -1112.0769509852830197 7925.5209311150920257 14528
797000000 306.96781152579035279 12809.263313978521182 4233.4773197218983114 -2599.9595578375756304 -1157.613238791992444 7991.0501163514672953 14539
798000000 310.05417874460971461 12938.052356037958816 4488.0089674050359463 -2573.3470432601379798 -933.34650663288550732 7994.7025172980584102 14531
799000000 308.14626821232747034 12858.43837870905918 4404.099147806228757 -2608.8865963223779545 -1073.006924739851911 8085.9926688684590772 14526
800000000 308.07159105420572587 12855.322223379396746 4355.9585811175775234 -2628.4901588794264171 -1042.2238662473625936 8026.6726062443667615 14530
