# Steps Temp KinEng PotEng Epair Ebond Eangle Bonds
401000000 310.19148592581962021 12943.781959510961315 4179.5055517736091133 -2816.8615948089127414 -985.06138416962721749 7981.428530752149527 14532
402000000 310.96878091691456802 12976.217204640026466 4216.7042606284985595 -2819.7667611045417289 -1023.3741069669357557 8059.8451286999761578 14529
403000000 312.30541278993990773 13031.992660478006655 4257.2611983002152556 -2794.9870934573436898 -965.68201979505931831 8017.93031155261815 14530
404000000 313.25405577668448132 13071.577976435961318 3990.958379985459942 -2772.6694498886922702 -1081.547159340403141 7845.1749892145553531 14530
405000000 311.71891726461871031 13007.519164123557857 4237.0200330334409955 -2749.7104236687669072 -1007.2006918310203218 7993.9311485332273151 14527
406000000 305.96164552019661187 12767.277656788071909 4282.9350752125392319 -2808.4262614243257303 -886.55948086158980459 7977.9208174984541984 14519
407000000 307.28963569848070847 12822.692508877829823 4285.4474375036797937 -2723.3433218599047905 -951.96113597550629493 7960.7518953390926981 14523
408000000 309.3010577813752775 12906.62585344344734 4394.6335754084257132 -2761.8775957610023397 -918.13435861504422064 8074.6455297844722736 14521
409000000 307.75317863571029875 12842.035395386990785 4328.2524003912658372 -2798.170218514116641 -966.00601717381482558 8092.4286360791975312 14521
410000000 309.54176856046632338 12916.670319462748012 4193.7008080057748884 -2810.934628432268255 -992.01404497133580662 7996.6494814093784953 14524
411000000 310.8188478791317948 12969.960744880034326 4124.5264100988733844 -2816.7057572010053264 -1085.9723835638442324 8027.2045508637220337 14529
412000000 311.86250956660421707 13013.511035378234737 4211.4926364568318604 -2781.0439382317017589 -1003.6440334432583086 7996.1806081317918142 14531
413000000 311.3902826811275304 12993.80578195135422 3980.8052158426080496 -2789.7180090224210289 -1125.1117033733839889 7895.6349282384144317 14528
414000000 305.56906111887383304 12750.895753602495461 4141.7616115197752151 -2906.8760802068018165 -979.97747522913937246 8028.6151669557166315 14532
415000000 309.35965308522258965 12909.070939370249107 4071.751188103217828 -2812.028754837067936 -1093.6873659595812569 7977.4673088998679304 14529
416000000 311.55447856655081296 13000.657406950746008 4136.5629284422866476 -2795.6744842898615389 -1042.1114354096766874 7974.3488481418253286 14533
417000000 313.06470653390277903 13063.676743088275543 4200.6275726320664035 -2792.5384845090975432 -966.23160731453560857 7959.3976644556987594 14535
418000000 307.85429240642008608 12846.254707200998382 4183.6551730769297137 -2745.9686061682905347 -1065.7444171725724118 7995.3681964177922055 14537
419000000 312.14021801991992788 13025.099353662673821 4226.7215524517378071 -2721.6831502897994142 -1095.9904832175084266 8044.3951859590451932 14540
420000000 312.0660316372694183 13022.003677588500068 4263.0503300144318928 -2733.7319291121893912 -1071.0649160889279301 8067.8471752155483045 14528
421000000 313.86550111158231857 13097.092587423609075 4292.4943288982012746 -2774.7170084545359714 -1000.2385031787266598 8067.4498405314643605 14528
422000000 309.12896564550027279 12899.444730863424411 4251.8278957097973034 -2798.0847160495095522 -991.26542268462708307 8041.1780344439357577 14530
423000000 310.9239281873277605 12974.345573797781981 4188.8124667176361982 -2791.9662915588660326 -1001.4947217695412292 7982.2734800460430051 14529
424000000 310.30296826530712906 12948.433934694468917 4378.7146150774842681 -2738.180006666000736 -992.36036586770126178 8109.2549876111870617 14533
425000000 309.1067885333853269 12898.519316347772474 4330.8180822455615271 -2762.4693872401121553 -921.22135285820422723 8014.5088223438779096 14530
426000000 307.36215061447256858 12825.718437389727114 4212.4406654945669288 -2779.4359384590375157 -959.73090463827497842 7951.6075085918801051 14528
427000000 311.62101864016563013 13003.434015089647801 4247.6119116242562086 -2763.1439688030659454 -1026.3108832681245985 8037.066763695447662 14530
428000000 311.03981848782899533 12979.181485964851163 4244.361665999986144 -2724.418548127622671 -1045.2156960471061211 8013.9959101747135719 14536
429000000 306.11886973510610233 12773.838365411229461 4198.7995105947184129 -2699.1663098027383967 -1099.7936098905456674 7997.759430288002477 14536
430000000 315.97215251651715562 13184.999695411397624 4149.7578939558852653 -2752.9818681307797306 -1138.7570492977049526 8041.4968113843706305 14530
431000000 308.95102647279554731 12892.019621026282039 4134.6335224800313881 -2815.8219399443778457 -998.14242710997928043 7948.5978895343887416 14532
432000000 310.57725616651509881 12959.879518949534031 4156.2086929835577394 -2818.0669230451185285 -1060.6486307273069087 8034.924246755983404 14531
433000000 308.87032622151480155 12888.65213189763017 4270.3624893100914051 -2777.1108223445598924 -989.82753589048013509 8037.3008475451324557 14524
434000000 309.72208487352725115 12924.194623468183636 4102.5225746316773439 -2826.0536378212664204 -1120.9810164306354636 8049.5572288835792278 14522
435000000 307.59006431741806864 12835.228902410088267 4159.1784161667037552 -2844.8567515200538764 -1053.9020775975959623 8057.9372452843535939 14534
436000000 309.97702800605759421 12934.83298225388171 4345.4003161628243106 -2779.795745733046715 -949.05762504094172982 8074.2536869368141197 14534
437000000 309.56153684900760936 12917.495217721407244 4222.9502776677200018 -2752.5210386721801115 -1052.0043045528891525 8027.4756208927883563 14521
438000000 304.8990157087227999 12722.935857585103804 4268.7673611509544571 -2716.4318670945522172 -973.54451911739215575 7958.7437473628997395 14525
439000000 311.38092827108590654 12993.415437762578222 4267.0813313053495222 -2714.8863843348390219 -1003.5372277274415183 7985.5049433676304034 14530
440000000 310.35646928141119361 12950.666444348937148 4410.8253098155664702 -2725.7969197006132163 -964.5926709538268824 8101.2149004700067962 14528
441000000 310.40143695124521628 12952.542871459185335 4270.1342769748707724 -2744.1208451965749191 -1017.9404838791881502 8032.1956060506336144 14531
442000000 312.23255055350961129 13028.952238853855306 4372.7569349822642835 -2730.7009811756070121 -1006.1993801573815972 8109.657296315253916 14523
443000000 307.02473661208620115 12811.638704466240597 4445.2409204518371553 -2666.4508403970676227 -1018.1391725475054955 8129.8309333964098187 14526
444000000 305.70173211432791049 12756.431896647760368 4397.9732072437691386 -2759.528965057989808 -999.31125517412806403 8156.8134274758867832 14524
445000000 310.08343099678882027 12939.2730045444805 4148.0298343131053116 -2811.5323291693994179 -1058.1271310417798759 8017.6892945242834685 14531
446000000 310.57509520705900741 12959.789345655643046 4072.9963287762407163 -2810.9577223214851074 -1118.1364955505700891 8002.0905466482963675 14536
447000000 309.67175009372493832 12922.094235661612402 4336.0885031173829702 -2783.0409172909548943 -951.17376970616533072 8070.3031901145031952 14532
448000000 308.04220398055809937 12854.095948994116043 4160.9511614677303442 -2789.6507499180934246 -982.00265019881658191 7932.6045615846405781 14528
449000000 306.47599698069166152 12788.740699641530227 4256.3963282299173443 -2765.1623124215766438 -1048.3717333889696874 8069.9303740404639029 14527
450000000 308.76053407197264278 12884.070685568443878 4026.0461795330484165 -2783.8903875710866487 -1105.9845568799819375 7915.9211239841170027 14538
451000000 309.62816330977580037 12920.275430654535739 4367.1439723326548119 -2710.728711828869109 -976.21826916160614473 8054.0909533231297246 14535
452000000 312.17436749058009582 13026.524355064433621 4355.2688843924906905 -2765.4926206188565629 -970.25168091028422168 8091.0131859216317025 14531
453000000 310.28163688492622896 12947.5438111769854 4290.3787756038964289 -2709.2737942225558072 -1055.1552567185913176 8054.8078265450440085 14536
454000000 311.16196473582982662 12984.278448560637116 4187.8390377021187305 -2687.7233636336341078 -1100.2212470488411782 7975.783648384594926 14533
455000000 309.45571983142002637 12913.07964712903231 4440.3630277769807435 -2734.9292349620350251 -958.25341758273202686 8133.5456803217484776 14533
456000000 309.38134596142464261 12909.976147515455523 4280.592304667834469 -2749.5316823883567849 -1050.0684720792596636 8080.1924591354509175 14534
457000000 309.26961608438949725 12905.313842996074527 4202.235455821096366 -2737.5777304699458909 -1111.7661755482101853 8051.5793618392526696 14537
458000000 309.48007695722151311 12914.096030040360347 4335.0515961599558068 -2719.2385090675152242 -896.17015542096032732 7950.4602606484295393 14524
459000000 307.23094100779468363 12820.243275701253879 4312.4985646480399737 -2710.2509793810877454 -1053.9802926639320049 8076.7298366930599514 14524
460000000 309.84910639310146507 12929.495023150744601 4298.8844650065666428 -2697.502692597209716 -979.49794719913029439 7975.8851048029064259 14530
461000000 308.23949451353456652 12862.328559357038102 4409.1554352823395675 -2676.4416449886757619 -1048.6122744520175729 8134.209354723031538 14532
462000000 310.50336166698775742 12956.796022679369344 4458.2453692102644709 -2641.6748983836864682 -914.83567833224083188 8014.7559459261929078 14527
463000000 313.5608152646773874 13084.378546750585883 4584.2264147240148304 -2646.5421691392530192 -906.41609564498730833 8137.1846795082547033 14514
464000000 306.02668852617995299 12769.991794750068948 4350.1347653046459527 -2666.0650837898429018 -958.51345755944089433 7974.7133066539290667 14523
465000000 310.20234531819278345 12944.235104144094294 4350.3534654711784242 -2666.0943335546894559 -995.10990194667101605 8011.5577009725384414 14534
466000000 306.74915478185306483 12800.139126675141597 4369.3711703923790992 -2635.0150021787103469 -1098.2225558205554989 8102.6087283916449451 14524
467000000 307.52189157195238067 12832.384165552610284 4425.3234646303753834 -2676.0247780073659669 -965.67466359560876299 8067.0229062333510228 14529
468000000 311.92284132354870962 13016.028580644808244 4482.8127172429394705 -2637.1031466262966205 -988.52685433715873842 8108.442718206394602 14525
469000000 309.99270162789713368 12935.487016786781169 4406.5767318469388556 -2709.1033339187406455 -986.70394528797282874 8102.3840110536511929 14524
470000000 307.74657125863143392 12841.759680378314442 4457.2157119790090292 -2664.9481049535438615 -996.39172273933945689 8118.5555396718928023 14522
471000000 312.01776826089803762 13019.989726049770979 4331.8618870242416961 -2673.5728998066597342 -960.06744684271575352 7965.5022336736165016 14526
472000000 312.57320378101087499 13043.167139328701523 4455.7104358691094603 -2683.6083239155850606 -879.79012343473414148 8019.1088832194291172 14523
473000000 307.52657546084481055 12832.579616553997766 4171.3966266672014171 -2722.3552469395845037 -1060.0423083010718983 7953.7941819078587287 14527
474000000 310.2780168169689432 12947.392751678438799 4369.4259838507987297 -2694.6826229771040744 -1022.2627524998570152 8086.3713593277589098 14522
475000000 309.40030170963240153 12910.767139798652352 4399.2051962616687888 -2655.9984795644595579 -950.03758538787849375 8005.2412612140060446 14527
476000000 312.41277502337442229 13036.472710393351008 4284.8333610129302542 -2724.5718369241858454 -1014.2887704571666063 8023.6939683942828196 14527
477000000 311.19304462679667722 12985.575361436242019 4235.2996688149687543 -2662.7309176436556299 -1026.0303950951270053 7924.0609815537518443 14534
478000000 312.03398462881261821 13020.666408486218643 4237.729632759863307 -2743.7675931269104694 -943.96809024016351941 7925.465316126937978 14533
479000000 311.56864058478856805 13001.248364744538776 4251.2647631091303992 -2765.1373094607083658 -1021.2640718329552101 8037.6661444027940888 14532
480000000 310.11376439500372726 12940.538767501877373 4281.3249119041620361 -2750.2335039192612385 -986.15716530370218607 8017.7155811271250059 14533
481000000 309.40535952704169631 12910.978194223765968 4314.8423051618192403 -2705.2147576272350307 -966.34270907236270887 7986.3997718614155019 14531
482000000 315.434333974458184 13162.557409732873566 4132.7038917456948184 -2805.2817850785077098 -1094.8362517820035009 8032.8219286062067113 14525
483000000 313.02797665150114881 13062.144065336706262 4262.8396474303563082 -2788.4090589576253478 -974.01704149636839247 8025.2657478843502759 14529
484000000 311.33049284700166481 12991.310850235189719 4179.2475677006259502 -2764.0382086823738064 -1040.6679755213658609 7983.9537519043651628 14526
485000000 312.38659755683147523 13035.380367648438551 4278.0042059718125529 -2748.0759958547328097 -1019.8657252523648822 8045.9459270789102447 14523
486000000 309.93738438472860253 12933.178718955723525 4173.8402572651457376 -2758.2566195575182064 -1057.079926944492172 7989.1768037671554339 14533
487000000 312.64189622183124584 13046.033562220973181 4309.5517451586974857 -2701.6774243052022939 -959.93624425769428399 7971.1654137215937226 14522
488000000 309.88901097636909299 12931.160175962595531 4287.6173559724375082 -2686.4179902572818719 -986.10315160837137682 7960.1384978380901885 14528
489000000 312.11744762631673211 13024.1491824835648 4426.3800717182439257 -2714.0113075588865286 -902.74237184605112816 8043.1337511231822646 14528
490000000 310.43206228490419107 12953.820816403855133 4317.8531789151029443 -2772.7610131524097596 -928.2694250450722393 8018.8836171125858527 14519
491000000 308.29642791436299376 12864.704296796566268 4219.56390285622183 -2825.9729198072927829 -1014.0156968030180451 8059.5525194665324307 14528
492000000 307.70123783699438036 12839.867991045201052 4289.7475585109223175 -2763.3722243050046927 -959.66292670050336255 8012.7827095164302591 14518
493000000 313.36187847140610074 13076.077240645608981 4243.1894682769079736 -2790.7580202100834867 -934.88877206004713116 7968.8362605470383642 14516
494000000 308.21844247293574881 12861.450092230514201 4326.0014382479539563 -2730.9812494386796971 -1015.851610638770353 8072.8342983254042338 14526
495000000 309.90152185267612595 12931.682234311672801 4147.7113677987699702 -2838.4119096178101245 -1090.3438209661162546 8076.4670983826954398 14532
496000000 305.99361483083123403 12768.611683687668119 4146.8431036448582745 -2765.0537299956031347 -1093.4825078727674281 8005.37934151322861 14528
497000000 309.48120705487798432 12914.143187162080721 4247.9190753519969803 -2737.658128907797618 -995.3207463110709341 7980.8979505708666693 14528
498000000 311.08575784317565649 12981.098459917870059 4182.1933521540149741 -2778.3071975405027842 -1068.9010117263910615 8029.4015614209083651 14532
499000000 309.43004077567434251 12912.008102249241347 4261.0801252270630357 -2709.8443927427183553 -947.34102094584000042 7918.2655389156207093 14527
500000000 312.6373515770492304 13045.84392164793644 4278.182767957599026 -2753.1065975508336123 -1033.1317743426325251 8064.4211398510651634 14528
501000000 311.82104989620114566 13011.780991330737379 4367.2976250105966756 -2718.98019163091476 -1007.5418122649036832 8093.8196289064162556 14530
502000000 309.96784281235881053 12934.449699185559439 4177.483692456654353 -2736.7368456087287996 -1156.4609703209559939 8070.6815083863402833 14530
503000000 306.8323061665627165 12803.608897581652855 4295.524266765009088 -2714.8061975165078366 -1034.5374013783400642 8044.8678656598576708 14529
504000000 309.17818944547508409 12901.498759303924089 4280.904239998311823 -2757.4302998940811449 -1075.1681198037595095 8113.5026596961524774 14536
505000000 310.65307446547063819 12963.043292214595567 4213.4477720653740107 -2760.1446260864813667 -1049.9526635200641067 8023.5450616719199388 14531
506000000 310.06487137536367982 12938.498541982231473 4266.7879350458479166 -2805.766436300506939 -997.06270773246171757 8069.6170790788164595 14526
507000000 311.78816655601832508 13010.408823477204351 4141.2428490806969421 -2797.2142825650648774 -1013.4572595709673806 7951.9143912167292001 14533
508000000 311.43868462784223539 12995.825515803238886 4348.5199173220389639 -2749.6860593209703438 -1050.0059231093100607 8148.2118997523202779 14524
509000000 310.92104426843957299 12974.225232592521934 4400.8419058972031053 -2725.1487887418898026 -991.15596838534156632 8117.1466630244358385 14530
510000000 309.51730358426681278 12915.649436131196126 4372.9379273715185263 -2685.4555854573814031 -1004.1192029184206831 8062.5127157473198167 14533
511000000 309.81035153516671699 12927.877846491359378 4220.2150944692693884 -2808.6314891110650933 -979.32380948242780505 8008.1703930627627415 14527
512000000 310.8661726576369233 12971.935530269207447 4372.5443936612618927 -2729.0348745705764486 -909.79386823475192614 8011.3731364665909496 14525
513000000 313.46544798796611531 13080.399026706252698 4121.3316936996598088 -2713.0482510368815383 -1049.3490231938253601 7883.7289679303667072 14528
514000000 311.62853553850862909 13003.747682928960785 4441.9353710807508833 -2671.3428101128897652 -976.20022977436269684 8089.4784109680040274 14525
515000000 310.61779278968953122 12961.571045750080884 4510.5058152299934591 -2652.1681887108065894 -921.75622541295115298 8084.4302293537512014 14519
516000000 308.03046324287385005 12853.606027266654564 4186.0019635436174212 -2686.8959387841778153 -998.68413434748754298 7871.5820366752823247 14524
517000000 308.10096029612503798 12856.547753675900822 4387.2369531400199776 -2697.8515643943842406 -1001.4420658638750865 8086.5305833982783952 14528
518000000 310.25345665352386959 12946.367896339246727 4263.6222524114000407 -2635.5318585274380894 -1088.4619747968110914 7987.6160857356499037 14533
519000000 310.3788031457430634 12951.598399877511838 4523.642574236989276 -2615.6845682019866217 -933.09040716270806115 8072.4175496016832767 14527
520000000 310.11967178936737355 12940.785273379895443 4358.8631558795477758 -2699.1645169342864392 -1054.3436271261107322 8112.3712999399449473 14526
521000000 309.89736732976342637 12931.508872884402081 4344.6913342340412783 -2682.2822521746875282 -1054.9886597914364756 8081.9622462001652821 14526
522000000 309.83367146532646075 12928.850948929673905 4438.7617982826814114 -2585.353921330744015 -962.60031996435509427 7986.7160395777791564 14521
523000000 308.97149932485370982 12892.87391956493957 4645.7073624441909487 -2572.9481774057394432 -847.24351344981539569 8065.8990532997449918 14521
524000000 305.18814567884049893 12735.000777033144914 4464.8249657200285583 -2642.1232615457392967 -997.10575792109705162 8104.0539851868652477 14523
525000000 310.35140674567691121 12950.455193035861157 4367.3077018824933475 -2605.9681946407072246 -1029.5143784822898851 8002.7902750054918215 14524
526000000 305.7590801488107104 12758.82493606963908 4252.7973818032432973 -2605.525566550185431 -1090.2127399181588316 7948.5356882715877873 14527
527000000 309.65268994968363359 12921.298887111501244 4313.0944264007675883 -2634.7212300518663142 -998.32852042257513858 7946.144176875208359 14529
528000000 309.55723942792457137 12917.315893387856704 4336.8709686282818438 -2619.9766510063836904 -948.87072686645296926 7905.7183465011185035 14524
529000000 310.82188591394253763 12970.087517089974426 4492.3495602952780246 -2616.5181406591309496 -918.73025005366173446 8027.597951008070595 14518
530000000 312.65130903309585619 13046.426343396999073 4301.0610915459083117 -2624.716822125361432 -1002.9278572452218441 7928.7057709164919288 14521
531000000 311.53970032814021351 13000.040735299808148 4407.6370535830264998 -2660.6009672070931629 -946.72616360333313423 8014.9641843934532517 14521
532000000 309.15833167244147717 12900.670127004164897 4419.1551549822088418 -2703.7330269201688679 -935.00642936725796517 8057.8946112696366981 14524
533000000 311.9205433820111466 13015.932691313322721 4333.227088190815266 -2717.6288398221504394 -911.80388103165478242 7962.6598090446204878 14524
534000000 308.70271103708688543 12881.657825158801643 4371.6288037713411541 -2663.2919515083794977 -943.30642103370132645 7978.2271763134212961 14521
535000000 316.68119889851334392 13214.587038018002204 4293.2945816782284965 -2673.6554374529018787 -1081.4391598553916083 8048.3891789865219835 14529
536000000 307.14864602441514307 12816.80924101765595 4214.7936619351175977 -2736.3118108797807508 -1140.20336995035359 8091.308842765252848 14535
537000000 309.07985426886705227 12897.395393664583025 4206.443415661434301 -2735.3911737664384418 -1044.7709644998330987 7986.605553927704932 14538
538000000 312.2871705693641502 13031.231442532629444 4233.6556271166818988 -2778.1144006815038665 -1057.5629846375638863 8069.3330124357507884 14532
539000000 308.02935381394655678 12853.559732617104601 4426.7712973063134996 -2641.1421771810405517 -992.5077253810604816 8060.4211998684131686 14526
540000000 310.84163377530694561 12970.9115629560456 4219.0478735814549509 -2647.754609973073002 -983.1316348534712688 7849.9341184079985396 14525
541000000 310.32730394029266563 12949.449422498430067 4441.1530465573123365 -2665.0754930771508953 -966.51348571681410249 8072.7420253512782438 14527
542000000 312.80845660831067789 13052.983853971396456 4503.566671610917183 -2594.8131902626346346 -954.69228712748304133 8053.072149001035541 14523
543000000 314.50921562882570015 13123.953738465525021 4311.4492727226461284 -2720.3775509818869978 -1035.7509131796082329 8067.5777368841418138 14525
544000000 311.76128021418219305 13009.286900528943079 4210.6886311826629026 -2722.1969908266883067 -1035.6876532043829684 7968.5732752137346324 14531
545000000 310.48716815869931906 12956.120294137628662 4321.5089350497191845 -2637.0279602735677145 -1021.8898679543926846 7980.4267632776800383 14531
546000000 309.31082282931771488 12907.033332878332658 4469.0782918736704232 -2629.809776857912766 -1028.3048164197696224 8127.192885151353039 14531
547000000 312.68312184274702759 13047.75383976723424 4487.6610275118118807 -2604.9076795434593805 -936.99726282017309131 8029.565969875443443 14525
548000000 309.19022541356980582 12902.001000512205792 4611.0272571053992579 -2622.69561280981452 -890.01572949360559051 8123.7385994088190273 14521
549000000 311.58799145154114285 13002.055844676573543 4489.0192019374699157 -2641.5385098651768203 -918.17751896822448998 8048.7352307708715671 14521
550000000 313.06339608150341292 13063.622060058936768 4481.1000123474968859 -2623.6240633868101213 -981.30735770107435201 8086.0314334353797676 14525
551000000 309.47291646173357549 12913.797234307650797 4429.4671385550191189 -2589.824925194028765 -962.8701751111689191 7982.1622388602172578 14517
552000000 311.13984135086656124 12983.355275990907103 4488.3852968958353813 -2628.2384435969711376 -997.98107218334007484 8114.6048126761470485 14525
553000000 311.21861001800095892 12986.64216328114162 4451.4340647477802122 -2602.6891841209462655 -910.7308682349770379 7964.8541171037031745 14525
554000000 311.53472109534669698 12999.832960081825149 4346.7283487619179141 -2592.7014851210242341 -1069.4424935587237542 8008.8723274416661297 14531
555000000 311.08981853142205409 12981.267905778415297 4302.7665267121192301 -2587.2288160568350577 -1104.7154943207947326 7994.7108370897494751 14536
556000000 307.71899334234524304 12840.60889916250926 4340.2478168733268831 -2679.0278622036948946 -977.08343632282333147 7996.3591153998449954 14532
557000000 308.91688061916454444 12890.594770557217998 4276.3871364776705377 -2646.2761032296675694 -1075.3249184067492479 7997.9881581140871276 14528
558000000 306.63514569061220527 12795.381714285116686 4487.8933858637228695 -2629.6078797750997182 -988.66984944757837184 8106.171115086401187 14527
559000000 306.52067090337970967 12790.604869165154014 4499.8996521992885391 -2616.929827442592341 -1035.1266895020582979 8151.9561691439384958 14528
560000000 309.52700642093236638 12916.054319591530657 4549.6410433089695289 -2581.8543181233558244 -1002.3157955715489607 8133.8111570038727223 14528
561000000 308.46982857544838907 12871.94002198749331 4383.9032244530817479 -2626.2867209009818907 -989.1960787365046599 7999.3860240905678438 14526
562000000 307.85653177440906347 12846.348152354368722 4538.5696694546268191 -2599.6618042567079101 -889.57660023923972403 8027.8080739505739984 14517
563000000 307.67714093129973207 12838.862466692140515 4382.0026177889776591 -2601.948604174531738 -1104.4411467185909714 8088.3923686821008232 14535
564000000 307.32398681556207976 12824.125924654023038 4474.2933071935367479 -2530.9343458040475525 -1004.83161417799829 8010.0592671755821357 14528
565000000 307.27569610756319207 12822.110832611304431 4483.5948934133775765 -2544.9966636378030671 -1019.8208174252253002 8048.4123744764065123 14525
566000000 307.46351874599884013 12829.948363263427382 4438.3421621106517705 -2579.6053976044286173 -958.96390240662981341 7976.9114621217104286 14523
567000000 307.76544365336184228 12842.547194457611113 4605.3743464082526771 -2662.5972702770923206 -902.02095618396981536 8169.9925728693142446 14524
568000000 314.35837078206918704 13117.659230412526085 4326.443462534714854 -2579.1184526703796109 -993.80019526289504483 7899.3621104679905329 14524
569000000 310.0761392629097486 12938.968732448953233 4577.9578088840380587 -2587.3874903457885921 -972.98015609758249411 8138.325455327409145 14530
570000000 310.05725860694320772 12938.180873641822473 4601.137568966296385 -2570.3677096061883276 -941.19995234527993944 8112.70523091776613 14522
571000000 309.11311017220020858 12898.783107967334217 4331.5592481174526256 -2632.7973691142801727 -1086.3227984748166364 8050.6794157065487525 14531
572000000 308.81658021727980667 12886.409399290265355 4405.2863605683351125 -2600.0182970259229478 -993.713627264941465 7999.0182848591985021 14529
573000000 311.27712803674256747 12989.084024227238842 4499.7890038914774777 -2632.0395343894770122 -971.18554650733062772 8103.0140847882867092 14531
574000000 309.88060515344187706 12930.809414758317871 4337.0310413516745029 -2675.5525676752104118 -1044.9897441395492024 8057.5733531664336624 14525
575000000 311.57985696904648876 13001.716406063516843 4412.6397891861824974 -2706.3582436999972742 -942.71264201141480044 8061.7106748975938899 14524
576000000 312.31129843538917612 13032.238258809496983 4532.2571571786274944 -2664.6300164806525572 -954.00945152976476038 8150.8966251890451531 14523
577000000 310.60507135427104686 12961.040201114621595 4384.3936093197098671 -2595.8614543221528947 -1043.7963817685829326 8024.0514454104450124 14532
578000000 307.48600617012806424 12830.886726590490071 4451.8716235893662088 -2604.4453786017429593 -1023.0586588081484933 8079.3756609992569793 14527
579000000 310.13012806999768145 12941.221596821147614 4521.481909255426217 -2588.511959476652919 -966.73565061477415838 8076.7295193468535217 14527
580000000 307.93223282639615945 12849.507033095733277 4408.9136242209087868 -2623.5461551989901636 -1041.7661233306412214 8074.2259027505406266 14524
581000000 309.95536975736462182 12933.929219057834416 4544.3213524768798379 -2603.9513006773831876 -1052.1468009802965753 8200.4194541345586913 14522
582000000 311.11503248518067721 12982.320042715104137 4517.884278389337851 -2545.695766454110526 -1018.023581188503158 8081.603626031951535 14525
583000000 309.76334921546066425 12925.916516779003359 4412.20018399494802 -2603.5546426202708972 -1083.8226886511615703 8099.5775152663791232 14525
584000000 308.98890519167292723 12893.600237839767942 4337.5770202806161251 -2546.7947645435378945 -1144.3309902964274443 8028.7027751205823733 14537
585000000 312.10184711416735581 13023.498198698127453 4375.260046536439404 -2640.7483027090102041 -1051.6307856774835727 8067.6391349229334082 14541
586000000 308.92177666458121621 12890.799074502401709 4455.4409436549422026 -2583.8033523379476719 -1004.2534906813299358 8043.4977866742192418 14534
587000000 309.03264683529550894 12895.425504887029092 4479.1158636191075857 -2625.0991476236536073 -1003.4581953525649851 8107.6732065953256097 14527
588000000 312.03061417970559432 13020.525765172889805 4461.4625066903900006 -2559.9232010848431855 -1035.8062467558843309 8057.191954531117517 14526
589000000 305.94724708170627991 12766.676833564893968 4482.3329934211233194 -2611.5337756776916649 -1086.1972389871727955 8180.064008085986643 14534
590000000 312.94226412473142318 13058.567422172582155 4465.811063893193932 -2585.0678096793244549 -1098.4820019931203205 8149.360875565637798 14540
591000000 306.4285145606883134 12786.759336131184682 4435.3035586434616562 -2522.0562806386287775 -1040.4335983499649956 7997.7934376320563388 14539
592000000 305.45240592824677606 12746.027923824978643 4426.3532580462069745 -2580.892934140316811 -1083.0979765071861038 8090.3441686937103441 14532
593000000 310.1035929660802708 12940.114330455164236 4454.2100595762767625 -2577.0843410102697817 -958.51599338113226167 7989.8103939676766458 14526
594000000 307.33592889146746074 12824.624247895235385 4491.6488695128728068 -2606.7836742529716503 -981.07606800973428562 8079.5086117755781743 14536
595000000 308.82692720019383614 12886.841161917076533 4424.3059862612553843 -2622.3310026836643374 -959.44324967033196572 8006.0802386152527106 14531
596000000 308.53602912461724372 12874.702462328123147 4351.922224901937625 -2606.7953643859409567 -1025.3866746555008831 7984.10426394337901 14527
597000000 309.64105326511219118 12920.813307349779279 4361.2177087146537815 -2609.6440615922779216 -1013.9709604291181222 7984.8327307360495979 14521
598000000 305.47399311074332218 12746.928721545204098 4477.6148346595682597 -2624.2302409187941521 -1096.5095899744896997 8198.3546655528516567 14529
599000000 312.7340705837748942 13049.879847168784181 4513.6508424077519521 -2563.7382994895096999 -952.93732123454265093 8030.3264631318033935 14520
600000000 310.84250721455003941 12970.948010143123611 4508.290841363121217 -2562.8858179540575293 -1030.1649772711334663 8101.3416365883113031 14529
601000000 314.79674844263195155 13135.952011200202833 4483.7662077864752064 -2523.796391214319101 -1145.994997887380805 8153.5575968881757944 14534
602000000 308.7377745091814063 12883.120966341351959 4579.0053878478420302 -2537.6083463383456547 -1049.8230647457819487 8166.4367989319698609 14529
603000000 310.86993866348268512 12972.092679516486896 4482.0524489735907991 -2597.6119078384549539 -1012.4913341125832176 8092.1556909246282885 14522
604000000 310.24035048991390795 12945.82099762735379 4525.6713902667488583 -2612.8064457525642865 -1036.045578780726828 8174.5234148000381538 14528
605000000 313.18904647176032086 13068.865244763890587 4552.8287391070807644 -2542.9996456476433195 -973.87909404383822221 8069.7074787985620787 14528
606000000 311.33267947585176216 12991.402094670791485 4321.3569820809116209 -2620.9517447167859245 -1108.3575540306703715 8050.6662808283672348 14533
607000000 307.59560333402657761 12835.460036488564583 4396.7326216027804549 -2634.1325591946383611 -1051.024499488469246 8081.8896802858871524 14534
608000000 306.30245590851671977 12781.499115326127139 4497.7291419086268434 -2619.7712837923413645 -1003.5295669674142118 8121.0299926683828744 14538
609000000 310.00111990182142563 12935.838297550744755 4329.3780106791618891 -2642.319486849391069 -1027.1059979891681451 7998.8034955177217853 14537
610000000 307.63394414770459662 12837.059935760195003 4416.9762168893594207 -2684.3039797978690331 -1024.628930345299068 8125.9091270325279766 14533
611000000 308.47011578674170096 12871.952006843705021 4388.9127032278147453 -2590.3663165897132785 -1025.9745685582176975 8005.2535883757464035 14532
612000000 308.14744157782348566 12858.487341326759633 4371.2241896516334236 -2614.6218072412084439 -1142.1374108752770553 8127.9834077681189228 14531
613000000 307.97328936459774695 12851.220255097645349 4321.1039181672576888 -2640.4249719953159001 -1115.285306924917677 8076.8141970874912658 14540
614000000 310.17971891145310792 12943.2909413006455 4326.3138244977053546 -2632.4556291071858141 -1036.407035075413205 7995.1764886803048284 14532
615000000 310.49423758274878082 12956.415289608579769 4416.4850589594861958 -2646.1054458909770801 -1014.2906390259912541 8076.8811438764532795 14533
616000000 311.1944888708593453 12985.635627372257659 4335.69257830153947 -2661.9261648699666694 -1066.7031619327842691 8064.3219051042888168 14538
617000000 310.69799210164927672 12964.917631502463337 4498.1340258518030168 -2649.2970961348146375 -893.0277296582580675 8040.4588516448766313 14534
618000000 309.8024720243632828 12927.549047428798076 4435.2471091625193367 -2648.6550435303815902 -950.38472678349842226 8034.2868794763999176 14535
619000000 311.99986165434518171 13019.242512727127178 4417.0745531000302435 -2698.1097567382985289 -1000.3513319973443458 8115.535641835673232 14540
620000000 312.19620596360283571 13027.435638726174147 4328.7097643813704053 -2675.2945665715433279 -1127.6296140243612172 8131.6339449772749504 14535
621000000 311.65521693809085946 13004.861053973096205 4439.7757767969524139 -2628.0595857117414198 -1055.1970723497747713 8123.0324348584681502 14531
622000000 309.94610024727296604 12933.542417604727234 4424.7081934927409748 -2747.4645072777343557 -995.35489684540175404 8167.5275976158764024 14524
623000000 309.88478387668584446 12930.983786025721201 4358.4320488542234671 -2645.7363808144864379 -1014.2188128414514949 8018.3872425101608314 14536
624000000 311.37197220521233021 12993.041715822608239 4269.3742534772354702 -2642.3163374726823349 -1100.1013810363215271 8011.7919719862402417 14537
625000000 307.59734456888378418 12835.532695363339371 4329.8079069625582633 -2669.6799216188783248 -988.00220080351812157 7987.4900293849550508 14531
626000000 308.15523751767921112 12858.812653110740939 4406.3242803635339442 -2626.1051583699618277 -919.86754536130786164 7952.2969840948044293 14520
627000000 309.77165242624096209 12926.262996146686419 4378.681051768639918 -2668.87409014345576 -988.98500225430382216 8036.5401441663989317 14522
628000000 309.04945382962046097 12896.126833194888604 4361.306097379349012 -2676.5551637360404129 -1017.3314030470315856 8055.1926641624195327 14529
629000000 312.23526648999956024 13029.065570429147556 4526.7176433850218018 -2670.9559447809388075 -960.29578967394650135 8157.9693778399077928 14529
630000000 306.88257265853189892 12805.706435848949695 4331.7945678039059203 -2647.8766800187158879 -1060.7941603333795229 8040.4654081560020131 14533
631000000 306.58132985390778913 12793.136067683335568 4269.832459770495916 -2677.7381178797477332 -1115.0788509331928253 8062.6494285834360198 14534
632000000 313.02009743238835426 13061.815278445914373 4313.8303894777563983 -2646.71592914377743 -980.45071039409413061 7940.9970290156279589 14529
633000000 308.39774278433094423 12868.93200015279217 4475.8446100164865129 -2652.2707429511206101 -903.87760628891805936 8031.992959256524955 14521
634000000 308.97336188338141483 12892.951641077499517 4394.0533595480010263 -2665.8264508805309561 -1037.3291525372726483 8097.2089629658057675 14520
635000000 309.9451118374799421 12933.501172885164124 4359.5046288826324599 -2623.9127726973601966 -944.97765587048820635 7928.3950574504824544 14522
636000000 309.52322388673491105 12915.896480643243194 4398.4989401757711676 -2627.7181863831774535 -978.14329212900656785 8004.3604186879547342 14521
637000000 306.39189019625308674 12785.231061471291468 4528.1495258699715123 -2639.3698225605739935 -930.91920939973852001 8098.4385578302835711 14520
638000000 310.26716784587677012 12946.94004190826854 4417.0388667161960257 -2648.5702657237015956 -1020.576060718242843 8086.1851931581404642 14521
639000000 309.52745130165607179 12916.072883734477728 4533.0573879278981622 -2585.9049794363795627 -995.90977222782134959 8114.8721395921002113 14522
640000000 311.48049638696051034 12997.570251935358101 4461.5442043072589513 -2624.516257129830592 -1030.7032425747404432 8116.7637040118297591 14529
641000000 309.60719664864706147 12919.400526273266223 4292.4204798989039773 -2588.2018624228394401 -990.80282514241537228 7871.4251674641582213 14526
642000000 311.49611485863579219 12998.221985142356061 4332.62234448327672 -2630.3390652607017728 -1039.8320969835494907 8002.7935067275266192 14529
643000000 309.13291997087588925 12899.609738375820598 4354.9107091156165552 -2645.4973103956463092 -972.34727636981438081 7972.7552958810774726 14528
644000000 310.94397540199122432 12975.182111186049951 4439.8373230525940016 -2763.0389526886146996 -912.30971121840195792 8115.1859869596100907 14519
645000000 310.73438915951226136 12966.436421031905411 4235.931094563525221 -2739.7487674997100839 -1099.3044192942122663 8074.9842813574477987 14526
646000000 309.76895344439509472 12926.150372060885275 4430.3536558961914125 -2733.727360672193754 -936.54572582856690133 8100.6267423969511583 14524
647000000 309.55521000117818176 12917.231208738212445 4291.8741285942542163 -2691.7834540795638532 -978.73671439030988495 7962.394297064127386 14520
648000000 308.54852749185135963 12875.223998694104012 4281.9233476144263477 -2767.7871217465276459 -907.69081470669232203 7957.4012840676459746 14521
649000000 308.64516556211145826 12879.256546868988153 4424.4457774077754948 -2713.3775875742544486 -971.98603205645918024 8109.8093970384888962 14527
650000000 308.45945960001023423 12871.507341648719375 4369.0421436906890449 -2724.0339110909512783 -939.8740211688295858 8032.950075950469909 14526
651000000 313.94298285661000136 13100.325773565025884 4460.6907890257161853 -2733.6292307800449635 -942.76377226918850738 8137.0837920749490877 14520
652000000 310.86239748772510438 12971.777998620482322 4273.7339713696983381 -2778.4252819279472533 -948.21047899144105031 8000.3697322890875512 14526
653000000 309.75686858577080329 12925.646090730992 4476.7215891442274369 -2763.7794525899666951 -983.38718620117015234 8223.8882279353638296 14527
654000000 311.50860584869030845 12998.743213670732075 4349.5571104335203927 -2747.0738451383081156 -1055.0547323127541404 8151.685687884582876 14531
655000000 308.52155456455409421 12874.098462676558484 4292.2048456044085469 -2726.7937825807366607 -1105.343387360881934 8124.3420155460271417 14532
656000000 310.58365898034617203 12960.146697869386117 4333.9650958473603168 -2811.5538675336597407 -1026.4079860755400659 8171.9269494565596688 14535
657000000 309.08622553731640892 12897.661256247392885 4277.6353754748961364 -2706.8444428603925189 -1040.6767993498251599 8025.1566176851138152 14534
658000000 310.73517048598290557 12966.469024504063782 4298.849043002610415 -2724.8116744391018074 -1052.1485174668689524 8075.8092349085809474 14542
659000000 310.03466370405527641 12937.238025402437415 4395.7204058271290705 -2654.5256683877796604 -1040.1343880574222567 8090.3804622723300781 14537
660000000 304.72116733192382299 12715.514536512191626 4239.9578018560105193 -2709.2969655480392248 -1053.435178356842016 8002.6899457608915327 14531
661000000 311.71166713698545436 13007.21662818842924 4365.5953270989111843 -2672.742153430090184 -1036.1662203248470178 8074.5037008538492955 14530
662000000 308.98310151963153203 12893.358060124141048 4408.0244623928974761 -2682.1728887663230125 -1006.0670774515601806 8096.2644286107806693 14530
663000000 309.40860601532619967 12911.113664855280149 4309.4311867439482739 -2693.0882858696586482 -979.22018260323159211 7981.73965521683931 14532
664000000 312.90152957960583535 13056.867636413628134 4446.8884524958903057 -2633.9009576947701134 -971.60622205833510634 8052.3956322489966624 14531
665000000 312.28725660341478942 13031.235032592456264 4114.2954325198497827 -2721.9277011611256967 -1042.6930701409282847 7878.9162038219028545 14536
666000000 308.61804663149916905 12878.124918372568573 4225.0747630087926154 -2730.6611439540156425 -1013.3634523943708245 7969.0993593571793099 14524
667000000 308.67301002617961103 12880.418450686567667 4494.0623921519454598 -2693.6768287976483407 -974.81272518028868035 8162.5519461298827082 14526
668000000 313.42722223504898693 13078.803928731462292 4273.1065522964017873 -2705.6758586466157794 -1191.1226071249766392 8169.9050180679932964 14539
669000000 307.86114277206451106 12846.540561723986684 4381.9339655844923982 -2649.3967763607333836 -1069.9951408804292896 8101.3258828256548441 14535
670000000 309.81964145946506051 12928.265499795832511 4233.008516199342921 -2705.5012091753874302 -1080.2967094537643788 8018.8064348284951848 14536
671000000 308.38220991166900831 12868.283838852230474 4186.0030202412972358 -2723.0076857643771291 -1087.3361326658209691 7996.3468386714957887 14539
672000000 312.41933184397271361 13036.746315763009989 4285.3114736060697396 -2686.6159513503916969 -1007.0693879936803796 7978.9968129501421572 14531
673000000 308.41734369230499624 12869.74991389490242 4312.2771416807336209 -2754.229306096471646 -1038.3103027932634177 8104.8167505704677751 14542
674000000 308.92458889745034867 12890.916424367660511 4165.5617298291717816 -2677.6162736619744464 -1151.0685842697043881 7994.2465877608501614 14546
675000000 309.26906332976187741 12905.290777452040857 4196.6139726865203556 -2691.3052555433810085 -1090.5802826398485195 7978.4995108697494288 14540
676000000 310.9159890951694365 12974.014288502999989 4233.2172633218815463 -2665.354950033357909 -1061.8182906488691515 7960.390504004108152 14538
677000000 312.95690592031877486 13059.178400288285047 4332.6134030618650286 -2650.0779930368807982 -1091.5726199714094946 8074.2640160701548666 14530
678000000 310.3274105380374408 12949.453870647488657 4332.4775200200647305 -2715.6460684401558865 -1011.6272672919850493 8059.7508557522060073 14531
679000000 309.15284954017312202 12900.4413666159071 4378.1469693807366639 -2712.1744007317865908 -1078.8724358075228338 8169.1938059200474527 14533
680000000 312.27830341243867451 13030.861430617242149 4311.4174314652937028 -2665.3816889923609779 -1112.8345998211791539 8089.6337202788345166 14540
681000000 315.7044727352788982 13173.829857164624627 4354.1238627801940311 -2696.5541852950764223 -1012.5358983571486533 8063.2139464324181972 14535
682000000 311.49219634656958533 12998.058472060623899 4382.8758301980551551 -2628.6421481078023135 -1018.0599300580472573 8029.5779083639044984 14536
683000000 307.57968723623588403 12834.795883831911851 4305.6251543400740047 -2671.3447607844600498 -1016.1616892153168692 7993.1316043398501279 14541
684000000 311.48782304451179925 12997.875981338449492 4316.3851444726788031 -2723.2742359147300704 -1061.313319580357529 8100.9726999677659478 14537
685000000 306.47167759363713913 12788.560458704016128 4400.1734282058532699 -2701.0782745112592238 -1013.6795515001419972 8114.9312542172547182 14530
686000000 310.12594094056731819 12941.046874777372068 4297.0601648076772108 -2683.5763744965952355 -1047.1253040904214231 8027.761843394693642 14531
687000000 310.21628071481706002 12944.816605389642064 4395.360115410765502 -2697.7032823421250214 -956.93063804681844431 8049.9940357997102183 14525
688000000 312.66540415841330969 13047.014509858940073 4341.8947635993717995 -2648.6870595430782487 -1020.1241945627164114 8010.7060177051653227 14523
689000000 310.75152629004077198 12967.151525382079853 4302.1155449921398031 -2691.6895476825093283 -1019.4992748026073741 8013.3043674772570739 14530
690000000 309.88165246627380611 12930.853117405085868 4293.2523451514944099 -2717.5778491459991528 -957.66871856777311223 7968.4989128652669024 14530
691000000 309.63978108638235653 12920.760221417895082 4288.2307790989798377 -2655.74206619748702 -1090.8556485334870558 8034.828493829953004 14532
692000000 309.78747444502516828 12926.923223040697849 4332.3756011317091179 -2686.5279920465372925 -1002.3613846565992844 8021.2649778348450127 14530
693000000 309.16559374864709753 12900.97316153362226 4226.9386169568715559 -2637.345968530162736 -1142.242613882553087 8006.5271993695878336 14532
694000000 307.2870834686264061 12822.586008511947512 4258.0751030608917063 -2643.6572966597873346 -1106.9619732129813201 8008.6943729336608158 14530
695000000 308.60153899493315066 12877.436081773008482 4347.9521004475127484 -2657.7725742429029197 -972.06350323897231647 7977.7881779293875297 14527
696000000 313.93471461539240863 13099.980753419840767 4327.7079091208470345 -2695.3238476809206077 -971.5577697904402612 7994.5895265922081308 14529
697000000 311.09835749996773302 12981.624222930979158 4411.164713634850159 -2633.9379572928169182 -942.33503305826673113 7987.4377039859327851 14530
698000000 306.98245633329463544 12809.874417776578412 4345.2085650732715294 -2695.4997505500273292 -1007.6656074291790901 8048.3739230524779487 14527
699000000 309.05995241643728377 12896.564922003917673 4138.091750966716063 -2641.337840223555304 -1062.3518107493878233 7841.7814019396591902 14523
700000000 306.89315082441544291 12806.147845361912914 4356.9751982330653846 -2656.6373390422386365 -1005.5349754892946521 8019.1475127645990142 14525
701000000 310.21224047369713617 12944.648012754147203 4392.3482182778288916 -2645.2568821011864202 -990.947231152253039 8028.5523315312684645 14519
702000000 307.32112663288938847 12824.006573922106327 4631.8263563304408308 -2612.3871639822828001 -839.72950866756900723 8083.9430289802930929 14512
703000000 307.44819238246492432 12829.308819250079978 4523.1329494790325043 -2573.1442001141240326 -963.17636022401188711 8059.4535098171691061 14517
704000000 312.6759432272518211 13047.454287916338217 4277.3600726929253142 -2625.2763943181548711 -1034.3964370274275097 7937.0329040385076951 14532
705000000 308.76255987437929207 12884.155218980333302 4519.8522693387940308 -2664.8217566034627453 -876.82555289499680384 8061.4995788372525567 14525
706000000 310.17981971903208205 12943.295147835580792 4341.0867196245371815 -2638.1377690534536669 -1015.8295831804683758 7995.0540718584597926 14523
707000000 304.86622969369210523 12721.567750950545815 4396.3716576693450406 -2625.3648639395551072 -1027.0357655363936829 8048.7722871452951949 14528
708000000 311.31612714154795185 12990.711392907944173 4368.7417677669109253 -2708.9589853756410776 -1003.8968722206244593 8081.5976253631770305 14528
709000000 310.12769614181888755 12941.120116446876636 4320.0798444035253851 -2656.5187994634661663 -1051.0743803041027604 8027.6730241710947666 14529
710000000 309.5707153382307979 12917.878221022958314 4202.0367512419052218 -2661.3279676979182113 -1109.8671485303680129 7973.2318674701919008 14528
711000000 312.15450334293910828 13025.69545676276357 4274.4564319313894885 -2708.3538075044866673 -1048.2318257941024058 8031.0420652299781068 14532
712000000 311.62067699146592759 13003.419758649752112 4453.9775432119922698 -2652.1281575088514728 -981.70355864158966597 8087.8092593624323854 14523
713000000 309.25546762848091475 12904.723451136032963 4397.3655636344328741 -2622.7161681627931102 -991.90585103441719639 8011.9875828316426123 14528
714000000 308.80992283243261909 12886.131597539435461 4330.1746305883352761 -2688.2501810737589949 -975.56663830992295061 7993.9914499720171079 14530
715000000 310.28987033142948349 12947.887379395808239 4531.9585998643069615 -2631.9082966132455113 -933.60066869522654542 8097.4675651727784498 14527
716000000 314.16765979057277036 13109.701173524394108 4326.100022788120441 -2686.3313187673888933 -1015.0856046463318307 8027.5169462018420745 14530
717000000 311.2930491868606282 12989.748387709227245 4350.408327904451653 -2709.7240622790332054 -1019.4876381272690651 8079.6200283107546056 14525
718000000 311.43510202399374975 12995.67601962050685 4427.5402383445125452 -2648.5719835134641471 -974.07737154571498195 8050.1895934036911058 14523
719000000 309.42601841356650993 12911.84025567559911 4348.0316642429497733 -2733.1460712985272039 -948.10688264990210428 8029.2846181913791952 14523
720000000 312.47593254511036776 13039.108170190105739 4266.4653565255921421 -2679.7483146141539692 -1069.5887915440864617 8015.8024626838323456 14519
721000000 307.99218133426137456 12852.008586006799305 4355.6103010849128623 -2685.392268220492042 -998.75646449905548252 8039.7590338044610689 14520
722000000 306.4468155124049531 12787.523004830745776 4447.5655346129124155 -2651.9203631281498019 -955.06032229285119683 8054.5462200339134142 14521
723000000 314.82063788268862936 13136.948878352457541 4356.3393269541693371 -2711.4617774040439144 -982.61708827752568141 8050.4181926357387056 14522
724000000 308.77987841906639233 12884.877893445807786 4360.2778435678701499 -2673.4299483968566165 -989.88629630914056179 8023.5940882738677828 14526
725000000 311.62891576068483346 13003.763548976769016 4318.6820876841848076 -2682.5392810875687246 -1053.1889239203221678 8054.4102926920750178 14521
726000000 310.19197610274790122 12943.802413790233913 4371.0116414001822704 -2703.2916159188348502 -1034.2844724451636012 8108.5877297641800396 14522
727000000 308.23111007567956676 12861.978690516751158 4380.9414468561108151 -2683.0624827161514077 -1074.443551720816231 8138.4474812930784537 14533
728000000 310.60092113657321988 12960.867019336905287 4453.8523633714257812 -2719.2502499023621567 -898.95595957585476299 8072.0585728496425872 14525
729000000 312.94622046640716917 13058.732513821874818 4333.4742367045009814 -2761.8514595712495066 -1019.8098623079150684 8115.1355585836663522 14530
730000000 309.39983232786227063 12910.747553267223338 4466.242715950760612 -2738.8406776625743078 -1055.8803553199436465 8260.9637489332781115 14538
731000000 310.7219387754254285 12965.916886923962011 4149.9679043046908191 -2761.6990715042820739 -1081.7269902954662939 7993.3939661044405511 14530
732000000 310.95446487043989237 12975.619819500530866 4284.9151291515363482 -2703.2061352238397376 -1047.8790138455951819 8036.0002782209712677 14536
733000000 311.08845980564132105 12981.211208380045719 4361.2777689420299794 -2753.8467496369503351 -1031.1457587528716431 8146.2702773318524123 14535
734000000 313.73517313834827291 13091.654214852769655 4455.4075820346879482 -2732.1758768705276452 -1027.9042792017921784 8215.487738107007317 14532
735000000 310.78153819430451676 12968.403872924180178 4335.3911206097964168 -2747.8009292306905991 -980.12143680747806229 8063.3134866479649645 14526
736000000 312.01105319352529932 13019.709517301756932 4354.3754416479077918 -2716.1823193528334741 -975.65791501907187921 8046.2156760198122356 14525
737000000 312.50081274006731746 13040.146379919400715 4407.0912720185569924 -2642.8812484118270731 -989.3036740577792898 8039.2761944881640375 14519
738000000 309.94823372667690364 12933.631444201111663 4487.0294096077332142 -2657.9421689423943462 -908.29088636651795241 8053.2624649166455129 14512
739000000 307.81770010389129766 12844.727770431874887 4336.6273311817585636 -2682.0861107627906676 -1031.9225117573048465 8050.6359537018533956 14522
740000000 312.87766229628311976 13055.871693825542025 4321.4289427511757822 -2740.0826608358120211 -950.62316630589748456 8012.1347698928857426 14524
741000000 309.08700095555673215 12897.693613178789747 4399.2906842065558521 -2665.2940686275051121 -1046.4585641116727857 8111.0433169457337499 14530
742000000 309.83519718564662071 12928.914614736286239 4482.398789473088982 -2690.2473288362016319 -984.4275692313088939 8157.0736875405991668 14528
743000000 310.12474354230351992 12940.996909311688796 4403.5695493656148756 -2696.1802261071597968 -1000.721475616826865 8100.4712510896024469 14529
744000000 308.26194688253781351 12863.265459891188584 4398.913111322187433 -2643.1375237923193708 -950.21545146406788263 7992.2660865785746864 14535
745000000 308.3313862008515116 12866.163048756294302 4315.3975012354339924 -2801.3418627146770632 -1143.6654532813299738 8260.4048172314414842 14530
746000000 309.28597504616317337 12905.996475640391509 4445.0146308508647053 -2777.4600475110864863 -950.44261283230480331 8172.9172911942569044 14523
747000000 310.27712526038453689 12947.355548484421888 4441.6041757624907405 -2741.8465760973581382 -980.12680401073066605 8163.57755587057909 14527
748000000 310.17182554202923939 12942.961563940581982 4217.3089434886333038 -2759.3406648515192501 -1095.4438512500346405 8072.0934595901871944 14529
749000000 309.45565060314618222 12913.076758346705901 4154.7765636874828488 -2780.5879522640457253 -1013.8651127376148224 7949.2296286891432828 14523
750000000 309.61834931669170601 12919.86590881916527 4432.7982819777434997 -2709.3540253815035612 -955.1016766331274539 8097.2539839923756517 14514
751000000 308.93797137232314753 12891.474853095371145 4471.3888575103810581 -2676.8258652832528242 -929.89746940517443363 8078.1121921988096801 14522
752000000 308.63351995616875456 12878.770594833074938 4532.861119721025716 -2686.5095713948840057 -905.78476315796865492 8125.1554542738776945 14518
753000000 308.28391938173518838 12864.182336245377883 4277.1894082260205323 -2752.0456216510738159 -986.11710372752861531 8015.3521336046223951 14514
754000000 311.05872774863775021 12979.970538405132174 4367.1210160377959255 -2791.7129690329352343 -937.63217866434877124 8096.4661637350800447 14522
755000000 311.17813270375921775 12984.953111345084835 4444.9335273119704652 -2746.9174025946458642 -979.09394609358923844 8170.9448760002051131 14518
756000000 312.69338705664148392 13048.18219030696855 4213.9627541197260143 -2841.5424575038937292 -978.10686490800344473 8033.6120765316227335 14521
757000000 310.25529691212210537 12946.444687312323367 4392.4017227032836672 -2815.9766435360306787 -923.41885874823310587 8131.7972249875474517 14524
758000000 308.44650263203686791 12870.966668626044338 4322.2195099673372169 -2783.145395143679707 -976.60264904910093264 8081.9675541601172881 14525
759000000 314.8873795952014234 13139.733900551862462 4234.6971238357173206 -2684.5212183127032404 -1080.8132167143348852 8000.0315588627554462 14524
760000000 310.66135760583586034 12963.388934076774603 4340.9556893867056715 -2779.2875458476428321 -937.67636458830645552 8057.9195998226550728 14524
761000000 309.15324013970035821 12900.457665693553281 4171.7417950428280164 -2736.2903741944010108 -1130.2385787562179758 8038.2707479934479124 14528
762000000 311.16490379352364926 12984.401090617822774 4299.6676513607762899 -2730.1457913777899194 -1014.2571869259948016 8044.0706296645612383 14535
763000000 307.42489538855073761 12828.336673903675546 4497.4648764402236338 -2703.9122789960747468 -921.59713282783354771 8122.9742882641312463 14519
764000000 309.21269376313057364 12902.938567888810212 4409.2750469170168799 -2777.87274277179813 -930.10255235918680228 8117.2503420480006753 14524
765000000 310.2926924499546999 12948.005141773281139 4201.5988869711754887 -2742.0567904013787484 -969.74339121617674664 7913.3990685887310974 14526
766000000 307.05710889478137915 12812.98954672900436 4375.752959735591503 -2751.9816256586727832 -907.10700597329923767 8034.8415913675635238 14525
767000000 311.24106929574355718 12987.579352105653015 4241.1193975865216998 -2805.6655642312562122 -1002.4862088083126537 8049.2711706260906794 14521
768000000 310.92231291790102432 12974.27817125382353 4354.740767962704922 -2876.5373337248656753 -945.49000538953669093 8176.7681070771086524 14520
769000000 309.28974179217641449 12906.153655773647188 4410.6584553063694329 -2755.1612739872266502 -916.15019692683813446 8081.9699262204348997 14513
770000000 310.5795925875892749 12959.977013968971733 4265.8845388914132855 -2751.7004196256079922 -924.2551186381391517 7941.840077155160543 14519
771000000 309.51921197383092021 12915.729070097737349 4479.2563680612547614 -2749.0535520322137018 -895.03451537974979146 8123.3444354732182546 14515
772000000 311.53615243903806231 12999.892687706504148 4417.7720557889424526 -2847.9720715188809663 -882.66190344049402938 8148.4060307483177894 14516
773000000 310.18401465677112583 12943.47019570727025 4450.2354362423393468 -2779.369746234570357 -923.71405199784430806 8153.3192344747549214 14506
774000000 311.61501325315418853 13003.183420139157533 4346.0104454629381507 -2747.1664594273433977 -1011.7922938317458375 8104.9691987220267038 14523
775000000 308.54270209863699392 12874.98091458955605 4401.9683656180422986 -2699.8283497181819257 -1004.1796336409213382 8105.9763489771439708 14521
776000000 308.55771921172822658 12875.607554089134283 4444.0591739890005556 -2717.5971944424973117 -938.82993645532428673 8100.4863048868219266 14521
777000000 317.90177274412081943 13265.519582719771279 4319.6951648744270642 -2637.1238968732932335 -1036.8370373352538536 7993.6560990829748334 14526
778000000 308.61403064898320281 12877.957338008829538 4372.1254160650123595 -2685.3821919946121852 -929.48969064268385409 7986.9972987023083988 14526
779000000 307.34953836429104967 12825.192148875130442 4408.8563148765369988 -2637.5196704719460286 -999.45245005159722496 8045.8284354000788881 14516
780000000 309.25779147165951599 12904.82042130051741 4167.6540600013895528 -2764.1945853948309377 -1028.4851652640231805 7960.3338106602441258 14527
781000000 313.14249390475401924 13066.922682494050605 4730.5402095861472844 -2634.023622093891845 -812.54771165904139707 8177.1115433390805265 14514
782000000 308.52922932635033249 12874.41871789886136 4395.7873544656167724 -2688.9916297829981886 -905.99226919670320513 7990.7712534453185071 14515
783000000 311.43257783938207695 12995.570689536602003 4239.8523237400768267 -2748.8503973271845098 -1038.1261080252647844 8026.8288290925247566 14515
784000000 309.97424434192100762 12934.716824514976906 4386.9009839391446803 -2729.9928908367705844 -871.65067247217871227 7988.5445472480942044 14524
785000000 308.07946288948573965 12855.650702154956889 4390.8810713497050529 -2709.7634356781627503 -857.13218338897343074 7957.7766904168402107 14513
786000000 309.07229740504379834 12897.08005813132695 4316.5007788775938025 -2682.9787569092759441 -1004.1445369707882946 8003.6240727576578138 14522
787000000 309.99455036834876864 12935.564161693690039 4443.6005297866522596 -2617.1564060540140417 -960.72662427577051858 8021.4835601164359105 14525
788000000 307.74807484634663979 12841.822422627621563 4391.9860002344803434 -2698.9596431011968889 -914.03780446070868493 8004.9834477963850077 14527
789000000 310.44766389767158898 12954.471846116277447 4488.5644298992729091 -2637.7734216023491172 -879.32211860562006223 8005.6599701072427706 14523
790000000 306.47389452137582566 12788.652967462545348 4477.3845020872531677 -2635.0350850526010618 -962.23525433003237595 8074.6548414698854685 14521
791000000 306.03444592599606722 12770.315498321406267 4357.7464405263208391 -2656.1044867265827634 -987.96885870945993702 8001.8197859623624026 14519
792000000 308.20595520022806113 12860.929018820923375 4316.4187471904733684 -2702.4647395190249881 -907.93819302529982451 7926.8216797347995453 14519
793000000 313.71380471584609495 13090.762545628318549 4390.9097426783700939 -2665.7199640728958911 -970.31482467501791689 8026.9445314262848115 14524
794000000 312.45559877662907411 13038.259675380999397 4344.6322069196567099 -2661.9499829441542715 -1016.4498748369887835 8023.0320647007993102 14519
795000000 311.07647979210628364 12980.711302063769836 4222.22738811148065 -2675.7109084989288021 -1045.2722592804707347 7943.210555890879732 14522
796000000 310.86666798739389606 12971.956199567570366 4313.6246282850706848 -2720.4291483309234536 -1031.8648405816952618 8065.9186171976889455 14535
797000000 309.85452616777308776 12929.721181458764477 4373.7198653846562593 -2721.5949354295735247 -1038.023801307780559 8133.338602122010343 14524
798000000 308.9630478557811557 12892.521253621880533 4356.240785829098968 -2751.6650779504907405 -1015.4013639826430335 8123.3072277622322872 14524
799000000 309.06932000932732763 12896.955816291334486 4474.7119338609218175 -2693.4628871879481267 -965.34345301819439555 8133.5182740670634303 14525
800000000 311.38991204538672264 12993.790315929772987 4263.0031309401410908 -2691.3222048721509054 -1032.9149348669275241 7987.2402706792199751 14527
