# Steps Temp KinEng PotEng Epair Ebond Eangle Bonds
401000000 309.05639945867210372 12896.41666290361718 4401.9372201756068534 -2679.5168420454110674 -978.4942848721491373 8059.948347093166376 14531
402000000 309.01498129698143202 12894.688350946609717 4393.9329407779387111 -2683.47797874566686 -945.71300308198885887 8023.1239226055949985 14526
403000000 306.76010113156354464 12800.595899895341063 4286.7299202484582565 -2702.304504089497641 -1105.6521053266910712 8094.6865296646474235 14534
404000000 312.00827675780328718 13019.593661192737272 4334.8464444516212097 -2667.901843859375731 -1042.1375231661281759 8044.8858114771246619 14537
405000000 304.11473497887840267 12690.209109035404254 4493.5721234475986421 -2648.1692240206766655 -947.17460580134047632 8088.9159532696157839 14528
406000000 309.12485202871766887 12899.273076381870851 4313.1438189512773533 -2694.1316747520886565 -1015.0456764828952601 8022.3211701862601331 14521
407000000 311.94530378281564253 13016.965902229112544 4288.7453949399423436 -2738.6092876398238332 -1041.2851652473850663 8068.6398478271503336 14532
408000000 308.82699880014519067 12886.844149665615987 4342.8898769574116159 -2699.4864390552102122 -992.98982517377305612 8035.3661411863949979 14534
409000000 306.58193497522825055 12793.161318403574114 4324.6075903564960754 -2705.5482452561855098 -1071.135666742030935 8101.2915023547138844 14533
410000000 308.59867235082174375 12877.316461415852245 4381.2088005079785944 -2723.2502941534594356 -992.43893333980270199 8096.8980280012401636 14534
411000000 307.85661420374816544 12846.351591995497074 4471.4611352560996238 -2634.399689692474567 -995.38504463301433134 8101.2458695815894316 14531
412000000 308.67598712947273043 12880.542680324211688 4343.9365900662733111 -2671.8457688017979308 -1036.0877820367577442 8051.8701409048289861 14532
413000000 308.84357815394696445 12887.535978907797471 4277.5036275311258578 -2717.9716548205228719 -1034.3167126675675718 8029.7919950192153919 14528
414000000 310.03438094909944311 12937.226226501879864 4356.9068676444985613 -2650.3481077049436863 -943.54378148383239022 7950.7987568332746378 14522
415000000 308.97488009632689909 12893.014993613678598 4295.2316891480240884 -2730.6222570742506832 -1013.0605005703330335 8038.9144467926080324 14530
416000000 310.1321552885368078 12941.306189325923697 4393.9549589539719818 -2563.2942712777262386 -1057.5649281258538394 8014.8141583575525146 14527
417000000 309.25422704849052025 12904.671683767721333 4469.6364609199190454 -2636.3874697873598052 -902.03408032082370482 8008.0580110281034649 14522
418000000 309.89551195525103822 12931.431451149017448 4298.6085434247142985 -2654.9893323805899854 -944.12909676565743666 7897.7269725709611521 14517
419000000 307.1143051051848829 12815.376250781062481 4428.2926092668913043 -2682.0615967065550649 -922.64119415876393759 8032.9954001322103068 14515
420000000 311.22069899584755603 12986.729332900527879 4414.7381231123599719 -2691.3275877374435368 -909.74114409311528107 8015.806854942919017 14522
421000000 311.2449437439327653 12987.741026474068349 4286.9320729962555561 -2704.8969912916654721 -1000.4870603656941057 7992.3161246536146791 14519
422000000 307.0763066017744336 12813.790635555473273 4389.593806369435697 -2696.480558077409114 -1059.1513234034716788 8145.2256878503158077 14524
423000000 306.12447307699846988 12774.072183678301371 4347.3352805381746293 -2740.840230765888009 -884.6195759490663022 7972.7950872531291679 14524
424000000 307.71677141981666637 12840.516181979590328 4316.7595817091059871 -2691.2504490930441534 -1008.5267087567161752 8016.5367395588655199 14525
425000000 310.59304691308909696 12960.538440905505922 4272.5976940419077437 -2717.8879245081952831 -1023.9689916794636702 8014.4546102295680612 14528
426000000 305.78973133827116726 12760.103959934500381 4591.7047487729869317 -2631.7721637036174798 -842.19248399071557287 8065.6693964673213486 14515
427000000 314.73489037524126388 13133.370775502027755 4370.3031180949728878 -2698.0075740528964161 -990.68095715762979125 8058.9916493054988678 14518
428000000 310.56240599626750054 12959.259845701015365 4489.5236528333434762 -2660.8743090485149878 -906.08156272211090254 8056.4795246039702761 14515
429000000 312.92178909051727942 13057.713032576133628 4352.3315661158985677 -2707.4846937524134773 -990.86505450165884668 8050.6813143699710054 14525
430000000 308.99419681287236017 12893.821048513578717 4362.3762486621835706 -2647.6208677962808906 -1061.4660910581383177 8071.4632075166018694 14525
431000000 310.8611344380995547 12971.725293631146997 4337.8200520485506786 -2699.2583477390553526 -981.69325821945892585 8018.771658007064616 14512
432000000 310.18201387936971969 12943.38670654780617 4477.6602929504360873 -2660.490431032955712 -928.7776726421013791 8066.9283966254924962 14524
433000000 310.18326779778936952 12943.439030506893687 4425.5920526366116974 -2680.3322789327626197 -902.52435770377712743 8008.4486892731520129 14520
434000000 314.86900261821745062 13138.967059442586105 4525.36335294680066 -2715.3485587061145452 -935.19477408303464472 8175.9066857359512142 14525
435000000 313.33275188494121721 13074.861835963236445 4208.369792962937936 -2723.598316237459585 -1123.2995689209205921 8055.2676781213176582 14533
436000000 312.7127700924003193 13048.991012598873567 4193.2613799077780641 -2732.6324672604177977 -1122.5635577168718555 8048.4574048850672625 14536
437000000 310.35011885885722904 12950.401451631152668 4274.6230553933364718 -2754.9952553663406434 -1086.2391471066223403 8115.8574578662983185 14532
438000000 310.73505990221536877 12966.464410024813333 4213.58009907518408 -2739.7482889835464448 -1104.9908262237509007 8058.3192142824809707 14535
439000000 308.93377993774015522 12891.299951404636886 4430.4186205378373415 -2717.9111792645949208 -1027.2295127426161798 8175.5593125450486696 14536
440000000 311.89184696905488181 13014.735237065933688 4115.7893731214298896 -2712.6179247629834208 -1076.9964645192953867 7905.4037624037082423 14529
441000000 313.58515375762237909 13085.394152143373503 4271.9347206359907432 -2769.9763373539217355 -1000.4459059194480233 8042.3569639093602746 14527
442000000 307.23037844296015919 12820.219800793378454 4396.8750201862258109 -2714.4630540305342947 -943.00491998508539382 8054.3429942018447036 14525
443000000 308.82557300163676928 12886.784653432325285 4248.5674573960841371 -2792.0789396028671945 -1008.0060580453318835 8048.6524550442836698 14522
444000000 307.11141198099738858 12815.255525453761948 4296.5842821043988806 -2741.4520739452036651 -943.28428265109289441 7981.3206387006957812 14517
445000000 315.00560835890490807 13144.667392953026138 4398.7755583816306171 -2750.1808199882143526 -978.29922879895184451 8127.2556071687977237 14521
446000000 311.91865345653161512 13015.853827822747917 4359.7006249347223275 -2707.2206272332518893 -964.2507541732777554 8031.1720063412521995 14525
447000000 311.07528778745250975 12980.66156166458677 4283.9114382102816307 -2799.8358744221950474 -981.37037286635927558 8065.1176854988352716 14528
448000000 311.40162968385914155 12994.279273765010657 4259.7326345516803485 -2731.9437862932823009 -993.30841657159476199 7984.9848374165576388 14528
449000000 308.51890361230761073 12873.987842787166301 4232.2719818954465154 -2739.8739321114098857 -1016.5445743501479683 7988.690488357004142 14528
450000000 309.16446325994462541 12900.925988094193599 4239.9734751994992621 -2712.2238711548125139 -1017.6842359627075894 7969.8815823170189105 14530
451000000 313.19943342298745392 13069.29867520285552 4353.3371321866961807 -2771.5120175526353705 -946.64569488792449192 8071.4948446272564979 14531
452000000 309.49729951309922171 12914.814699050251875 4218.0804519498633454 -2736.1043629006380797 -1030.3380253507707494 7984.5228402012717197 14524
453000000 312.07224277365702392 13022.262858123007391 4347.2023597557672474 -2721.2364903210577722 -955.85752183755175793 8024.2963719143772323 14517
454000000 313.5573404542606113 13084.233548610964135 4341.0550239019166838 -2735.3209373289782889 -1058.0220495341027345 8134.3980107649977072 14522
455000000 308.14454503177216793 12858.366473210693584 4327.4139824700978352 -2664.8847084562580676 -1008.5781874618226084 8000.8768783881787385 14524
456000000 306.98289202093423 12809.892598307204025 4252.0874684783066186 -2759.6918758468614215 -988.73754266302319138 8000.5168869881917999 14525
457000000 309.82752999711829034 12928.594675534031921 4532.5502020948852078 -2678.4596618003988624 -889.18947040504599499 8100.1993343003305199 14522
458000000 308.76924454766401595 12884.43415943290529 4238.2475266966594063 -2742.9894990472221252 -1020.2109914843792922 8001.4480172282601416 14525
459000000 309.22081697951239221 12903.277536385454368 4428.4597649288716639 -2695.6212049098235184 -968.89370768713342841 8092.9746775258272464 14526
460000000 311.41859848753171036 12994.987354111561217 4321.1904486638777598 -2713.6660127412369548 -1106.1447848247926231 8141.0012462299064282 14531
461000000 311.29266660253409782 12989.732423092760655 4338.9789348440153844 -2718.103321341535775 -945.09542510081212185 8002.1776812863627129 14528
462000000 311.16033609353792144 12984.210487988948444 4389.7394039714381506 -2698.7413443228588221 -987.7188888203827446 8076.1996371146797173 14527
463000000 309.95324963709725807 12933.840749916307686 4420.6917171321420028 -2727.311674334457166 -970.54412462579512066 8118.5475160923942894 14524
464000000 309.01692901326157426 12894.769625952510978 4216.1602156804074184 -2733.3523193333103336 -1001.6432910148923838 7951.1558260286092263 14523
465000000 308.79459555096423173 12885.492015222187547 4217.2639811883782386 -2762.8545561679438833 -1069.1856827796987091 8049.3042201360203762 14526
466000000 310.35500135906386276 12950.605190356938692 4219.8482471429888392 -2787.8956878188946575 -1072.5585464785049226 8080.302481440388874 14533
467000000 309.46322766064110965 12913.39293652876222 4297.1009727301798193 -2774.1827169983826025 -991.01695907798978169 8062.3006488065511803 14529
468000000 307.36076503941984583 12825.66061961527339 4274.4404995871946085 -2738.7215543501733919 -1093.2027770058657552 8106.3648309432337555 14531
469000000 306.80816536645721726 12802.601541586820531 4206.2813123282085144 -2752.9596754375115779 -1049.1318568688138839 8008.3728446345339762 14533
470000000 309.99380141373524111 12935.532909046034547 4320.6492689260239786 -2740.5667091704217455 -978.40119728784486597 8039.6171753842909311 14530
471000000 312.05067349295836721 13021.362807415447605 4297.9669214207724508 -2749.1686783064269548 -1005.9605094629173436 8053.096109190117204 14532
472000000 311.54230173451264818 13000.149287721138535 4210.3540239033718535 -2746.7578684442519261 -1042.3359603100948334 7999.447852657718613 14531
473000000 312.94933296852894955 13058.862393430570592 4353.2176782072656351 -2763.3793991822171847 -980.9242945393006039 8097.5213719287849017 14531
474000000 311.81542285515359936 13011.546184136790544 4407.0377693752679988 -2726.3903917036268467 -926.59013577327357325 8060.0182968521685325 14522
475000000 310.12352189654825452 12940.945932037953753 4442.9238159392698435 -2656.4418063979351246 -952.89172241019969078 8052.2573447474060231 14530
476000000 307.04740366321277634 12812.584563333293772 4235.230902259972936 -2763.6338404514522153 -1051.8084154856460373 8050.6731581970716434 14529
477000000 311.69686848698387394 13006.599104795277526 4348.5540370451417402 -2718.0736421989713563 -997.04382906848582024 8063.6715083125982346 14525
478000000 308.45777110076596728 12871.436883344580565 4367.1032810973738378 -2724.1950988484313712 -1046.9854374888761868 8138.2838174346816231 14525
479000000 309.65773272775004443 12921.509313969501818 4162.8337737089423172 -2743.7896909780902206 -1116.6226737353645149 8023.2461384223961431 14528
480000000 311.53809992402727858 12999.973953061014981 4212.434385047638898 -2681.3512904517783682 -1184.485565619506815 8078.2712411189240811 14538
481000000 308.41376606322091902 12869.600625300930915 4169.9380903876253797 -2755.9280283004027297 -1068.4317569414215541 7994.2978756294496634 14535
482000000 311.27570283372563154 12989.024552842831326 4233.217315841377058 -2724.0350778075344351 -1025.2822649469153475 7982.5346585958268406 14534
483000000 313.24180219936681624 13071.066654751710303 4266.2603659716132825 -2676.0442690549280087 -1072.8737128558414042 8015.1783478823826954 14529
484000000 308.80634815908973678 12885.982432283695744 4375.5602782150835992 -2680.7430194872881657 -974.62338765114327543 8030.9266853535145856 14528
485000000 308.59246031150593126 12877.057243203631515 4412.7387317907432589 -2683.5830976318270586 -921.24174537382498329 8017.5635747963951871 14522
486000000 313.31399396407977065 13074.079098690743194 4336.9531620301113435 -2711.9435790828292738 -1034.8086091557620421 8083.7053502687022046 14531
487000000 308.54060310872836226 12874.893327183242945 4340.2527522313957888 -2693.5062404569457613 -995.35352395134987091 8029.1125166396923305 14531
488000000 310.02040487171149152 12936.643027714784694 4231.0774303300977408 -2739.9310357201129591 -1063.9572709837011644 8034.9657370339109548 14533
489000000 310.67268730874809535 12963.861703997341465 4330.4218530412108521 -2712.2611409206292592 -1009.682099331340396 8052.3650932931795978 14528
490000000 313.58152647684784142 13085.242791665790719 4371.4923575759803498 -2638.1097474461016645 -943.56415587821061308 7953.1662609002924 14526
491000000 311.77996413319056046 13010.066549825478432 4406.7563913630110619 -2640.8716205615310173 -1048.1879914547125736 8095.8160033792564718 14529
492000000 306.98289269545205116 12809.892626453725825 4431.0694440497954929 -2692.8648692207761997 -1015.4127330580706712 8139.3470463286421364 14534
493000000 307.82110542755003735 12844.869869003048734 4176.6943768572300542 -2693.0323390986568484 -1082.0243703884416391 7951.7510863443276321 14537
494000000 308.99444469082442311 12893.831392053971285 4370.8663401151998187 -2800.3980555601224296 -925.85407349931040244 8097.1184691746329918 14529
495000000 310.20023685148527193 12944.147121286507172 4369.8887495474373281 -2810.202116205989114 -984.22319065836734353 8164.3140564117929898 14530
496000000 310.2631353982818041 12946.771774483788249 4275.806931084873213 -2739.2894124981130517 -1041.6188616676133734 8056.7152052505989559 14531
497000000 312.62335949512163324 13045.260055017652121 4273.4965572532037186 -2753.3298222359467218 -965.68797837650345173 7992.5143578656534373 14534
498000000 305.25810824962860579 12737.920200365817436 4208.857885306809294 -2777.5782535868247578 -1112.2346206224920024 8098.6707595161260542 14528
499000000 309.02453338246175463 12895.086943807231364 4280.36344343300334 -2762.043970032677862 -1043.7269836444031625 8086.1343971100850467 14529
500000000 307.14782914990922791 12816.775154184288112 4150.8217911566034672 -2792.1356346487500559 -1107.8357230939914189 8050.7931488993444873 14530
501000000 308.91283698219280041 12890.426036218397712 4240.5489027537278162 -2811.5748473163721428 -1075.6580121034808144 8127.7817621735803186 14528
502000000 305.40100520128976314 12743.88305579191001 4333.1641571027466853 -2756.7590960225043091 -919.66538355660929938 8009.5886366818613169 14523
503000000 313.1286540102357776 13066.345166394754415 4252.1507869075103372 -2753.9628957517397794 -1091.2356853597420923 8097.3493680189922088 14528
504000000 310.04846908867756383 12937.814101460375241 4290.7465548287900674 -2721.8335091977291995 -1048.5155296495263428 8061.0955936760456098 14524
505000000 313.12594753540895454 13066.232229639146681 4321.2397391943986804 -2671.4707597826882193 -999.76683597906935574 7992.4773349561564828 14529
506000000 310.06072321858368923 12938.325446203236424 4333.6192399916344584 -2678.5607401643801495 -973.30077121421413722 7985.480751370228063 14531
507000000 310.32400919701643716 12949.311938265254867 4308.3773811314640625 -2652.1962148936545418 -998.34334573956004988 7958.9169417646771763 14526
508000000 308.60402442673171208 12877.539794765581973 4395.4868767015132107 -2738.1898776026646374 -966.70789600878129022 8100.3846503129589109 14529
509000000 313.80215111851191523 13094.449096113741689 4461.020186331910736 -2706.3673898587949225 -997.48221437440770387 8164.8697905651133624 14534
510000000 311.50798064036786172 12998.717124752847667 4367.7410639199406432 -2734.7075640800994734 -1011.2830769467793743 8113.7317049468201731 14527
511000000 309.00718999123552067 12894.363232536430587 4419.6729127956514276 -2728.2721156021689239 -914.16948247424602414 8062.1145108720675125 14519
512000000 309.53915366852402258 12916.561204310706671 4192.0315409841496148 -2799.9539191159101392 -1100.3583564489608762 8092.3438165490197207 14530
513000000 307.69944361716386538 12839.79312119439237 4372.5689741954829515 -2730.4854896243132316 -1031.3996713599854047 8134.4541351797806783 14533
514000000 307.48748800039862772 12830.948560937315051 4263.4546641252218251 -2725.7567432280634421 -988.56142850887067652 7977.7728358621552616 14532
515000000 307.98676340511906346 12851.782504709690329 4150.3112043451947102 -2699.5877635239830852 -1169.0879444620863978 8018.9869123312655574 14534
516000000 307.81609547364882928 12844.660811843627016 4263.6972372927148172 -2715.1270448658260648 -1030.3218344904248625 8009.1461166489661991 14535
517000000 307.43711117878501682 12828.846418794912097 4292.3650488887597021 -2661.0848703467836458 -1155.1984787765607052 8108.6483980121029163 14534
518000000 308.88983080448798546 12889.466026155438158 4210.1667011631361675 -2718.5445232607517028 -1040.9455116406757043 7969.6567360645640292 14533
519000000 312.10823617106990469 13023.764803563914029 4189.9093863285379484 -2764.4877788303460875 -1079.7709517295227215 8034.1681168884060753 14538
520000000 309.7758210007889943 12926.436943925653395 4317.2326148446009029 -2697.9709286046795569 -1020.5457505594310987 8035.7492940087131501 14530
521000000 312.47006309457742645 13038.863247645909723 4209.6399716607229493 -2687.2920822773075997 -1098.7640677934102769 7995.6961217314401438 14525
522000000 305.71166542633062591 12756.846397465908012 4309.3091567689343719 -2675.9250953036262217 -1022.226281224114814 8007.4605332966766582 14529
523000000 311.62270110009143309 13003.504221382932883 4251.5095834127932903 -2679.7250559625999813 -1023.5855524389230595 7954.8201918143167859 14536
524000000 312.19678417539677184 13027.45976655600316 4235.3031570413477311 -2758.5798341626650654 -1084.3998508011104605 8078.2828420051228022 14537
525000000 310.73235574417691396 12966.351569944985386 4324.3976753599981748 -2666.2100366832669351 -1075.806163554529121 8066.4138755977946857 14540
526000000 310.55684896264881445 12959.027959802255282 4250.9506348231279844 -2735.6979472353532401 -1007.9433608404045799 7994.5919428988854634 14539
527000000 308.97658236772360851 12893.086026607150416 4219.1464835715951267 -2773.3244086256745504 -1093.0081148960352948 8085.4790070933049719 14537
528000000 314.2689110887401398 13113.926224133647338 4356.6082647126559095 -2687.6257687524866924 -965.61716052454971759 8009.8511939896907279 14529
529000000 309.449307084358054 12912.812053711746557 4251.4892046073346137 -2703.4891605820434961 -1045.2803140774717576 8000.2586792668507769 14531
530000000 310.06641618813534933 12938.563004485529746 4180.7278930261090863 -2720.9371506778979892 -1116.1715320987580071 8017.8365758027666743 14537
531000000 306.68173853089319891 12797.325957092656608 4466.1923198847780441 -2628.0789748549605065 -922.84069832624004448 8017.1119930659788224 14529
532000000 310.63165882259932005 12962.149652561585754 4417.6458076546405209 -2719.7309016460894782 -936.92433934879920798 8074.3010486495286386 14529
533000000 309.01925001429373197 12894.866477518884494 4387.1705754376653204 -2687.1172042194684764 -1050.7565904151774703 8125.0443700723099028 14527
534000000 308.93359973107152427 12891.292431675912667 4326.61223512770448 -2713.1598906383883332 -1015.9138339632911539 8055.6859597293841944 14527
535000000 309.92636409548271104 12932.718860359980681 4180.6311033016081637 -2691.3074114321211709 -1139.1466735091241844 8011.0851882428523822 14524
536000000 306.39411803593350214 12785.324025567253557 4115.4910004651301278 -2783.6368719852935101 -1023.355548653657479 7922.4834211040797527 14532
537000000 313.76560317391709987 13092.924010328450095 4331.2742932086939618 -2658.4183752832750542 -974.78029549671452969 7964.4729639886845689 14525
538000000 311.86291008988507656 13013.527748557842642 4223.3325694031200328 -2749.3958202913445348 -1067.4752133841957402 8040.2036030786603078 14531
539000000 312.47002321593566876 13038.861583575595432 4283.1137128131213103 -2739.1968558203188877 -1041.073904790875531 8063.3844734243157291 14538
540000000 309.86187865183211443 12930.027988559664664 4293.8920024052495137 -2730.7242123456762783 -1071.072879349042978 8095.6890940999683153 14533
541000000 310.34395476471735265 12950.14423409248775 4199.9328287490416187 -2752.0862899663779899 -1070.7032196572845351 8022.7223383727050532 14537
542000000 308.62301317016130042 12878.332163885268528 4301.7671266955703686 -2730.1170733148260297 -1001.8340505690542841 8033.7182505794498866 14534
543000000 309.34601813781409874 12908.501975377706913 4320.2442457021170412 -2719.1456051765294433 -1001.0833425173443629 8040.4731933959919843 14532
544000000 315.15485088773999678 13150.895038907143316 4353.0411914486585374 -2674.5812166243158572 -1038.8881541923833538 8066.5105622653572937 14535
545000000 311.6424647614869059 13004.328926558386229 4168.490076860723093 -2780.374154677522256 -1039.7695139800653124 7988.633745518309297 14534
546000000 310.91201753509773198 12973.84856181500254 4210.273890857069091 -2745.9144336324798132 -1020.325125944442334 7976.5134504339912382 14530
547000000 308.72005810682668425 12882.381689927939078 4336.6416283505586762 -2678.745409880148145 -986.17321072739832744 8001.5602489581051486 14538
548000000 311.87217012713637132 13013.914154724860055 4544.2505679461883119 -2648.4329255741140514 -924.92562185143447095 8117.6091153717352427 14537
549000000 304.07581807616679725 12688.585170513251796 4308.9789510803730082 -2704.9621822493863874 -1003.0964639627818542 8017.0375972925421593 14530
550000000 311.34945603792675684 12992.102153090772845 4186.875182333855264 -2760.2312143834483322 -1065.0719501390256028 8012.1783468563289716 14539
551000000 309.16788986773030956 12901.068974817077105 4382.9196213815521332 -2709.6108788079041005 -939.82254649883407183 8032.3530466882912151 14528
552000000 304.49393898260001379 12706.03267017440885 4369.2061579862074723 -2685.4291150575236315 -1061.4349407889685608 8116.0702138327005741 14531
553000000 311.13893789853460703 12983.317576406854641 4320.5452625671314308 -2678.0954299867025838 -999.95299029991520001 7998.5936828537505789 14531
554000000 308.85924654595032735 12888.189795208210853 4356.8031040541991388 -2638.5965120631726677 -1000.4968757366876844 7995.896491854058695 14529
555000000 313.18632224593483215 13068.75156728822185 4133.4121253948533194 -2708.7096497206503045 -1061.616945808919354 7903.7387209244225232 14540
556000000 310.70661379955828352 12965.277400815672081 4376.1602675308904509 -2709.990071786354747 -889.4426886675107653 7975.5930279847561906 14533
557000000 306.63934396540639682 12795.55690140664592 4235.8683256476660972 -2665.0799018330126273 -1063.1169341375377826 7964.0651616182167345 14541
558000000 314.43233615367336142 13120.745684058218103 4212.0118565586562909 -2753.29468425913592 -1085.6132328306093768 8050.9197736484020425 14545
559000000 306.27415394566224904 12780.318120834543151 4342.027528041460755 -2690.8240829113337895 -1082.2459463357745335 8115.0975572885690781 14545
560000000 310.2033943177542028 12944.278877175318485 4159.2535729183055082 -2715.3176794163246086 -1094.8749724974845776 7969.4462248321151492 14539
561000000 308.63884450317891606 12878.992779446965869 4108.0463866864529336 -2728.6374561558632195 -1110.1780902484492799 7946.8619330907649783 14541
562000000 309.39380390915476937 12910.495997241829173 4260.760815462024766 -2689.804419523667093 -1049.608025615194947 8000.1732606008863513 14538
563000000 311.30478791865363064 12990.238225734137814 4299.4164312382472417 -2718.6763549045558648 -1032.0990868539670373 8050.1918729967701438 14530
564000000 309.61395135276796964 12919.68238899777316 4180.2746939763555929 -2734.3713011579766317 -1083.6750240389510509 7998.3210191732832754 14532
565000000 305.93124623324695222 12766.009144401838057 4363.4643592601842101 -2701.6600052448784481 -1041.8091783987229064 8106.9335429037864742 14533
566000000 310.07025001457657254 12938.722983775025568 4446.5493787801906365 -2677.3259990367587307 -984.4512861229468399 8108.326663939896207 14530
567000000 309.37471192085263283 12909.699319882942291 4150.3457724342861184 -2712.5440204829064896 -1154.0578238812731797 8016.9476167984666972 14537
568000000 308.47764583167736419 12872.266223268767135 4370.5697478115971535 -2675.1789349480304736 -1035.3648905397644739 8081.1135732993925558 14531
569000000 308.11359126434359723 12857.074823263483268 4397.2709394583553149 -2712.764524525181514 -1080.3393504031237171 8190.374814386660546 14533
570000000 309.43736999895850204 12912.313938716157281 4326.4731792344482528 -2676.4560722039623215 -981.49968371808472511 7984.4289351564957542 14528
571000000 310.50057260343612597 12956.679639631731334 4307.4999630052989232 -2664.5530441267146671 -1104.6101921786798812 8076.6631993106930167 14533
572000000 309.01639275484319569 12894.747248768233476 4312.2268792861596012 -2668.5872246319568148 -1006.9282456760109881 7987.7423495941275178 14526
573000000 305.88173136798155838 12763.942970284142575 4204.2651947488011501 -2697.2343678769439066 -1075.9048003074040025 7977.4043629331481498 14529
574000000 309.38582877899563073 12910.163208140378629 4311.0156924392949804 -2651.7594663314371246 -1071.9439734962029434 8034.7191322669350484 14528
575000000 308.31303361640254934 12865.397225507498661 4389.7908841132330053 -2689.9149489383203218 -928.69640073424750426 8008.4022337858004903 14523
576000000 309.03598180479986013 12895.564667694728996 4381.8026578248054648 -2648.457401830595245 -959.70975351353456517 7989.9698131689347065 14531
577000000 307.81726536542180384 12844.709629508563012 4387.6377073508738249 -2648.2770080124996639 -930.98855297989507562 7966.9032683432687918 14528
578000000 314.16718440092751052 13109.681336294188441 4482.5876587497759829 -2638.2410573897486756 -941.36981018935409793 8062.1985263288779606 14521
579000000 311.48248039890648897 12997.653041499866958 4389.1533368119589795 -2623.6574343971769849 -1014.1300409410860084 8026.9408121502219728 14522
580000000 309.63177579162203301 12920.426173597112211 4291.7885067286661069 -2693.8347640462461641 -989.31868888094572867 7974.9419596558582271 14526
581000000 306.60781101183215469 12794.24108297150633 4247.4181941328961329 -2679.4109327259702695 -1095.5837740303102237 8022.412900889177763 14527
582000000 311.34262161468257091 12991.816963818000659 4381.629525665824076 -2716.1422431495002456 -1005.0397479938040988 8102.8115168091289888 14530
583000000 310.31543541631941707 12948.954168458712957 4213.0267202184331836 -2730.4614473133401589 -964.11399508501835953 7907.6021626167912473 14525
584000000 308.09379863878848482 12856.248909461153744 4265.9404937674808025 -2633.2028735427538777 -990.33665141348888028 7889.4800187237242426 14524
585000000 309.56971427472620917 12917.836448284766448 4406.829565866338271 -2648.2419516238296637 -991.97847479165579898 8047.0499922818235063 14527
586000000 310.51776065079235423 12957.396868657617233 4286.6580098966132937 -2667.1113300466740839 -982.99634333076289749 7936.7656832740503887 14524
587000000 311.21636386252816919 12986.548434897204061 4231.636866618773638 -2737.018222912035526 -1009.4634577294107203 7978.1185472602192021 14524
588000000 306.63677060459656332 12795.4495192806462 4404.076068830816439 -2702.8291407831284232 -935.78148185835800632 8042.6866914723013906 14522
589000000 310.28693892861571157 12947.765056764212204 4239.373969796772144 -2742.1786925886253812 -976.62308384364814628 7958.1757462290461262 14515
590000000 309.54081882578304885 12916.630688592085789 4398.3730909181294919 -2718.9508248034562712 -998.82036144455446447 8116.1442771661404549 14514
591000000 313.58093911204878168 13085.218281896070039 4480.9203533255295042 -2702.2869260175552881 -901.81596846648676546 8085.0232478095722399 14520
592000000 309.2366548047333481 12903.938422856148463 4154.0622231872757766 -2814.1836834157547855 -1009.44680074202995 7977.6927073450606258 14531
593000000 307.84166193644324494 12845.727658404226531 4078.2800405807192874 -2813.5942367150369137 -994.96736891012096748 7886.8416462058767138 14529
594000000 308.33201469988028975 12866.189274989957994 4247.9427349052521095 -2727.568814542221844 -950.83542028029705762 7926.3469697277705563 14519
595000000 312.39310576565799238 13035.65194452859032 4310.200921717174424 -2725.4300870367765128 -1072.3694723513403915 8108.0004811052904188 14521
596000000 313.37002303816524318 13076.417100058481083 4297.5689589717585477 -2756.5395956837182894 -1007.2779943308289603 8061.38654898630557 14520
597000000 309.10823158292168955 12898.579532438165188 4358.6828310933324246 -2780.0308510626873613 -916.84957020988179011 8055.5632523659023718 14520
598000000 307.65877488366788839 12838.096081646803214 4068.7645987469577449 -2807.3106384426728255 -1044.1103017131822526 7920.1855389028123682 14529
599000000 305.90223054174919071 12764.798367184564995 4439.3770353352501843 -2776.620733287526491 -863.86921862541737482 8079.8669872481950733 14521
600000000 311.65423904325439253 13004.820248025425826 4315.6180302955708612 -2776.7239177118108273 -978.86481625929854999 8071.2067642666816027 14530
601000000 308.24923107789862797 12862.734850218914289 4191.7301464210904669 -2784.3868355277068076 -1075.0238936899672808 8051.1408756387645553 14531
602000000 313.7263744115573445 13091.287058414665808 4216.3293470108019392 -2762.3487760063048881 -1061.71925451357356 8040.3973775306803873 14536
603000000 310.67675209113906476 12964.03132069982712 4165.624226600349175 -2720.4109888271368618 -1094.3539506081672243 7980.3891660356530338 14526
604000000 310.35828027402692442 12950.742014100565939 4195.3142143682644019 -2796.3692710312288909 -1051.6200151160701353 8043.303500515565247 14527
605000000 315.02687760229258629 13145.554923595693253 4322.2560631869264398 -2727.7494755725010691 -1038.7609914503732398 8088.7665302098012035 14526
606000000 310.82630801828497624 12970.272044251447369 4482.0656076351260708 -2680.8606073038440627 -897.55123728314538312 8060.4774522221159714 14529
607000000 308.65637358025810499 12879.724239083865541 4344.0512580074591824 -2710.2577998119786571 -978.23235534024797744 8032.5414131596862717 14530
608000000 310.76515678185609204 12967.720303450027131 4150.2480548929506767 -2800.8515147773214267 -1008.2344323921122395 7959.3340020623845703 14526
609000000 307.19130798397526405 12818.589454619790558 4417.1058778889018868 -2717.8057018417071049 -945.97642176362955979 8080.8880014942387788 14525
610000000 308.39650390340653985 12868.880303683718012 4237.1021377313463745 -2738.7831501135306098 -996.6491113143979419 7972.5343991592744715 14527
611000000 307.40942660671731801 12827.691187008271299 4205.7385745959736596 -2713.6080186695203338 -1089.8627054226981272 8009.2092986881925754 14530
612000000 309.2163580094990607 12903.091470879999179 4169.9825548094959231 -2759.0429585070896792 -1022.9463429747839882 7951.9718562913694768 14532
613000000 309.01795478724903887 12894.812429818624878 4334.177707951866978 -2679.6965138046862194 -1026.614486163300171 8040.4887079198524589 14529
614000000 313.44903171451898061 13079.714002539798457 4316.6175881326507806 -2775.7694536175777102 -1037.8281959878986527 8130.215237738126234 14532
615000000 313.57414596965691089 13084.934815205557243 4256.3660744488652199 -2819.9374272381855917 -936.957982497674152 8013.2614841847262142 14531
616000000 310.29095848806230151 12947.932786387398664 4141.9659658887267142 -2795.3424061940836509 -1112.0129138024485655 8049.3212858852584759 14537
617000000 310.84267118224454407 12970.954852246090013 4146.0773605370941368 -2751.4289785750734154 -1023.907558226851279 7921.4138973390190586 14535
618000000 309.69210258142896919 12922.943511593181029 4219.7028613720567591 -2719.5450748866778667 -1072.4471917266951095 8011.6951279854292807 14533
619000000 311.59553499500208318 13002.370624372955717 4309.0038541163148693 -2710.1965327594534756 -1062.8568245070123339 8082.0572113827820431 14541
620000000 311.80680473890612348 13011.186564280442326 4221.4424512949308337 -2719.6034986410104466 -1036.7339688207644031 7977.7799187567061381 14534
621000000 306.83770202506684655 12803.834057907228271 4319.3267583458618901 -2731.1163218517726818 -995.29892962006556445 8045.742009817699909 14530
622000000 308.82365925537919793 12886.704795939751421 4179.2348181835568539 -2781.9456605643481453 -1074.3738819650802725 8035.5543607129839074 14531
623000000 308.57959851714321076 12876.52054161963315 4358.3708097122053005 -2767.1494980350544211 -1080.4733779624191357 8205.993685709678175 14534
624000000 308.16505214732160312 12859.222201508644503 4219.7878893630322636 -2755.8748307952446339 -1014.1142456521171198 7989.7769658103943584 14530
625000000 309.79286943178374258 12927.148346989761194 4332.0679122574329085 -2723.2172417842621144 -1108.4211770550527945 8163.7063310967469079 14528
626000000 311.29882165661240379 12989.989263404482699 4370.1156710941741039 -2766.7138229153224529 -895.20479780605262476 8032.0342918155483858 14528
627000000 309.54619347848955613 12916.854964034506338 4326.5304008809380321 -2710.7996375525976873 -912.28361898542800645 7949.6136574189649764 14522
628000000 308.43967403186917409 12870.681722340701526 4274.4007108375153621 -2745.4477042771677588 -997.87750468296360395 8017.7259197976454743 14526
629000000 306.21704174179814117 12777.934922237594947 4221.5264575381670511 -2805.0726255561921789 -1039.3333973451690326 8065.9324804395273532 14526
630000000 309.87039343516624967 12930.383296503016027 4348.7594126343137759 -2763.9835990135156862 -974.72189347672360782 8087.4649051245523879 14528
631000000 307.93321114382894166 12849.547856677656455 4307.5420357024659097 -2726.8066783858257622 -1091.4328970029232551 8125.7816110912144723 14530
632000000 311.49045331726489394 12997.985738306499115 4156.2656245851967469 -2729.5716455319261513 -1074.0866290131252754 7959.9238991302490831 14539
633000000 309.34926369317514627 12908.63740707985562 4263.3395733360648592 -2720.8867129052400742 -1061.4272675547526887 8045.6535537960562579 14536
634000000 313.36851296820577772 13076.354087315754441 4273.5173682950699003 -2771.9791357605718076 -1014.7992945573059842 8060.2957986129476922 14534
635000000 310.81791550569232641 12969.921838465599649 4256.7210018648383993 -2700.3483552412712925 -1127.6270492415924309 8084.6964063477025775 14538
636000000 308.90271847178172493 12890.003807374412645 4285.2999607370920785 -2743.5235211899494061 -1056.9809976288215694 8085.8044795558635087 14541
637000000 312.06580621960807775 13021.994271279203531 4296.0012535175555968 -2730.7747983939771075 -975.39702533054378364 8002.1730772420760331 14535
638000000 309.42631504112443963 12911.852633457088814 4240.1728641211348076 -2710.0341443786096534 -1085.5671369105798476 8035.7741454103233991 14533
639000000 308.09591196726154294 12856.337095192242487 4389.5968229050340597 -2723.2451648227311125 -1016.2139280145275961 8129.0559157422921999 14531
640000000 310.13556528204190954 12941.448482762127242 4143.7058820753354667 -2799.2855681103169445 -1054.9412342374128002 7997.9326844230663482 14529
641000000 309.19465517544335853 12902.185847209892017 4228.0102606667669534 -2736.0318839138608382 -1038.3044018303767189 8002.3465464110049652 14526
642000000 313.78467800912375196 13093.719971916794748 4216.6316429456737751 -2775.765620249467247 -1013.2573197291812903 8005.6545829243223125 14531
643000000 311.59985836087190592 13002.55103133990815 4185.8081215268339292 -2744.2999847495666472 -1047.0177102997956808 7977.1258165761946657 14531
644000000 308.75944877767693697 12884.025398017485713 4380.6645660102176407 -2667.0269227876560763 -890.99778852532085693 7938.6892773231957108 14521
645000000 309.67879663683976332 12922.388276348687214 4297.3445735670566137 -2688.3575840075527594 -1030.4524910148079471 8016.1546485894159559 14524
646000000 311.90656160972781663 13015.349254887583811 4152.1211869357039177 -2737.994375566706367 -1114.5299461103963949 8004.6455086128071343 14535
647000000 308.65951007907654002 12879.855120035355867 4207.1098477935984192 -2719.5144023205930353 -1073.913513275598234 8000.5377633897896885 14532
648000000 314.41983962644741268 13120.224224472760397 4203.2768060266844259 -2790.7161467472024015 -1028.5804304032258187 8022.5733831771140103 14536
649000000 307.53809741069534311 12833.06040862399459 4319.2103365850443879 -2719.3745121347042186 -936.91632340413502789 7975.5011721238843165 14522
650000000 308.95061008269664171 12892.002245750380098 4272.9062918481176894 -2746.0617940159277168 -1023.6245309091794979 8042.5926167732250178 14519
651000000 308.83011769082276032 12886.974295858266487 4096.5869194720435189 -2757.200548204664301 -1191.4489867301567756 8045.2364544068659598 14534
652000000 310.45341811886055439 12954.711960328937494 4243.3087197751192434 -2774.3432994085396786 -966.06208298566104986 7983.7141021693205403 14527
653000000 304.89050029502715233 12722.580523337799605 4182.2660585823987276 -2781.7244718823044423 -1032.3301550324713389 7996.320685497174054 14531
654000000 307.40673694809083827 12827.578951965124361 4375.2520860886270384 -2719.208894741903805 -1058.3412222776983072 8152.8022031082291505 14527
655000000 311.29529270747900682 12989.8420061450106 4433.4727018268667962 -2666.9370573275791685 -969.35084281227773317 8069.7606019667236978 14518
656000000 310.65338984353979868 12963.056452424167219 4281.7372097760944598 -2755.5937084540655633 -991.48005457301314891 8028.8109728031740815 14523
657000000 310.54705092014813772 12958.619103558568895 4318.4443163866435498 -2677.9071303235573396 -934.92932906009855287 7931.2807757703003517 14520
658000000 312.72839751311568079 13049.643119234635378 4265.5615303269842116 -2729.3097784894780489 -979.89620654338875738 7974.7675153598493125 14525
659000000 309.02103727345956941 12894.941056912573913 4327.8559415101462946 -2816.7420699925392 -970.73980133569159534 8115.3378128383765215 14522
660000000 308.61345982464274584 12877.933518445317532 4191.1936146944135544 -2770.3217258778749965 -989.79383757949267419 7951.3091781517814525 14519
661000000 309.86512450547189701 12930.163432708495748 4275.852739914547783 -2686.4931849414160752 -1004.5414291049235089 7966.8873539608866849 14528
662000000 308.5890080010790939 12876.913183951688552 4186.6045457587542842 -2786.4594671409195143 -1033.0216666379756134 8006.0856795376494119 14526
663000000 306.8027348511647574 12802.374935090309009 4216.2448652189432323 -2760.2114185963596356 -989.64284606070862083 7966.0991298760109203 14535
664000000 311.93391324692879607 13016.490593848286153 4166.246903376388218 -2747.193465365566226 -1076.7599096755279788 7990.2002784174819681 14529
665000000 307.91748071689551125 12848.891451761355711 4228.0792130200552492 -2720.8206084443240798 -995.89416504560426802 7944.7939865099833696 14529
666000000 313.27300595634784486 13072.368736352933411 4231.5888796729195747 -2717.5745772386449062 -1033.4567622639856381 7982.620219175550119 14527
667000000 311.80879276828630964 13011.269521485890436 4259.0472863650611544 -2769.0893375703053607 -1010.7138890909667452 8038.8505130263329193 14530
668000000 310.03321659332590343 12937.17763984512203 4276.3115454308972403 -2702.8569565640718793 -954.52058043014267241 7933.6890824251122467 14528
669000000 309.39092136209029604 12910.375713280523996 4241.7662621759445756 -2689.970501547308686 -1110.1587304137610772 8041.895494137013884 14530
670000000 309.76426095093660251 12925.95456200506851 4250.3164657117858951 -2729.191510749693407 -1033.3110566137813748 8012.8190330752604496 14522
671000000 310.59773974516264161 12960.734265091174166 4210.0057218953643314 -2726.8592212408971136 -942.20322966690241628 7879.0681728031631792 14525
672000000 309.74070338104667144 12924.971543250567265 4129.8775762617533474 -2760.1560179021266777 -1053.1991664120942005 7943.2327605759737708 14529
673000000 310.04736509588542503 12937.768033651827864 4216.524603896190456 -2758.0639095269616519 -1007.5326361198916629 7982.1211495430443392 14532
674000000 308.50268279008503214 12873.310974479752986 4205.641743051353842 -2724.7151495039570364 -1065.3921324731427376 7995.749025028451797 14532
675000000 310.11855330403011521 12940.738600821210639 3972.7577962126256352 -2767.9021994942395395 -1060.9940624492110146 7801.6540581560766441 14533
676000000 309.11893813098646433 12899.026299128991013 4168.435092558260294 -2837.599752728432577 -999.96514419793652451 8005.9999894846296229 14530
677000000 306.69716732802089609 12797.969775491870678 4244.9615373856559017 -2792.4376342179361927 -1065.6589530369401473 8103.058124640531787 14528
678000000 314.61907915001262381 13128.538163016390172 4193.7187049536723862 -2713.5099203665795358 -1011.6503382777254956 7918.8789635979774175 14525
679000000 310.57685619618229111 12959.862828843541138 4149.4041407196928049 -2752.7647184770266904 -1093.2016214887983097 7995.370480685518487 14531
680000000 308.61365128514091793 12877.941507777890365 4318.279587100470053 -2683.0376333089707259 -952.03426682038241324 7953.3514872298237606 14530
681000000 309.00623577731340674 12894.323414754477199 4312.6502276109968079 -2712.7466292516628528 -1049.6061342091052211 8075.0029910717639723 14529
682000000 308.62053277257189166 12878.228660961987771 4331.8890636795531464 -2707.5382020662664218 -969.61883929732732668 8009.0461050431458716 14529
683000000 312.03445275428526884 13020.685942594414882 4226.7204403325431485 -2729.7100903936311624 -1069.2474753061030697 8025.6780060322762438 14534
684000000 306.13156259760171451 12774.368017745480756 4334.7759336932740553 -2715.8739822819843539 -1020.7126686113215328 8071.362584586579942 14536
685000000 312.24013288279701328 13029.268637019164089 4273.4694506512860244 -2680.290393169422714 -1047.0633081849346127 8000.8231520056442605 14529
686000000 309.65949681688368855 12921.582926515748113 4340.191506613200545 -2665.1287244489631121 -986.74684859948683879 7992.0670796616514053 14524
687000000 313.31255611193751065 13074.019099479080978 4440.3407422103209683 -2690.236617221807137 -916.37570014010850628 8046.95305957223718 14531
688000000 310.49249794833212945 12956.342697517564375 4348.7032721343330195 -2689.9881216922372005 -1020.9019425543808666 8059.5933363809508592 14524
689000000 309.49864807922227783 12914.870972502769291 4443.4280173587112586 -2683.6301353075596126 -891.23987363615401591 8018.2980263024246597 14523
690000000 313.11537791654166085 13065.791176779152011 4299.605499196160963 -2691.5479478009751801 -958.80964123905152974 7949.9630882361889235 14516
691000000 310.69387527429756801 12964.745843049126051 4430.1969949394733703 -2717.5411221340154952 -951.00492228327209432 8098.7430393567610736 14515
692000000 308.32319837882420188 12865.821384372024113 4356.0258226086498325 -2765.0272782622323575 -935.44216547517714844 8056.4952663460589974 14517
693000000 310.23886893639695472 12945.759174829001495 4461.9017402045174094 -2748.1381796338800996 -882.50401223668382045 8092.5439320750829211 14514
694000000 308.65655019509551948 12879.731608931362643 4303.3086053311008072 -2715.5236754089273745 -968.99677405657394047 7987.829054796602577 14524
695000000 310.81453156017869333 12969.780631969359092 4306.0451535677239008 -2724.54012096823908 -895.42636046454617826 7926.0116350005082495 14514
696000000 310.7736637590815576 12968.075285657267159 4269.037497931454709 -2671.1759118911922997 -1043.4227858421832025 7983.6361956648306659 14530
697000000 307.66264310139644067 12838.257496028312744 4213.1925806909139283 -2772.3044314053531707 -1059.790263802103027 8045.2872758983703534 14528
698000000 310.81125210564476902 12969.643785710324664 4280.9372622548689833 -2708.7582858814989777 -1011.2757359251344269 8000.9712840615029563 14526
699000000 312.50411823721600513 13040.284312894036702 4376.6598474628472104 -2658.1042156365510891 -962.28074969418298679 7997.0448127935815137 14523
700000000 314.87945997249249785 13139.403427685272618 4357.7954078703551204 -2649.7518234420963381 -1006.1708624304823161 8013.7180937429338883 14522
701000000 305.33322334603212767 12741.054630141712551 4354.9710053805256393 -2620.7856087411564658 -984.86319964307699593 7960.6198137647606927 14518
702000000 309.40822368241668983 12911.097710730033214 4341.6263787731877528 -2688.6458925793726848 -968.50582628166978338 7998.7780976342310169 14518
703000000 313.87472411525925509 13097.47744824030633 4236.8357353555857117 -2671.8462504164899656 -1027.1290160024320812 7935.8110017745075311 14526
704000000 311.14384266677859614 12983.522244341316764 4345.8713940140669365 -2751.3388082460405712 -964.59890875770202001 8061.8091110178093004 14525
705000000 308.97810314576747714 12893.149486180676831 4243.72478620439324 -2704.9716994451623577 -1013.5921271841853013 7962.2886128337404443 14524
706000000 314.64442647808459697 13129.595865444427545 4346.1283801937915996 -2684.4036718874435792 -942.75515089341740804 7973.2872029746531553 14522
707000000 311.18709282013793427 12985.327002305990391 4374.6068871789848345 -2717.9426375012435528 -884.69136332200559991 7977.2408880022339872 14527
708000000 308.24585727198905261 12862.594066831719829 4352.183184877648273 -2739.6349492680683397 -946.45000151572799041 8038.2681356614448305 14516
709000000 308.03984147379736669 12853.997365461762456 4338.1324188644266542 -2735.8702071488069123 -1019.4119340590718821 8093.4145600723059033 14527
710000000 307.9123456382922086 12848.677173353333274 4289.9030681714730235 -2733.647547800735083 -1007.5842760552184245 8031.1348920274258489 14529
711000000 310.27355466620736024 12947.206553445575992 4468.5090390996638234 -2736.8169386073545866 -952.67015881161182733 8157.99613651863001 14530
712000000 307.15600137206678255 12817.116167611578931 4183.4532500448785868 -2722.0466563621066598 -1125.8631848302211438 8031.3630912372063904 14529
713000000 309.81731367651752862 12928.1683652312513 4271.2269469684506475 -2764.5081812944563353 -1048.4667679474655415 8084.2018962103729791 14528
714000000 309.52191596261360473 12915.841903114800516 4335.5599760865325152 -2751.3242743910277568 -978.88334374276359995 8065.7675942203240993 14532
715000000 309.38703228023445035 12910.213428273200407 4291.7042281171816285 -2711.0848496473090563 -1011.1293525818288117 8013.9184303463198376 14530
716000000 307.49091313525309488 12831.091486197194172 4231.1971939309078152 -2676.6890543028803222 -933.97298897717155342 7841.8592372109596909 14521
717000000 309.75862447860635029 12925.719361259161815 4245.5364280360963676 -2676.8892885277646201 -1073.0132705248270213 7995.438987088688009 14523
718000000 313.18023227262165165 13068.497442690089883 4425.0862859554281385 -2663.2358174913933908 -967.06161252887147839 8055.3837159756940309 14518
719000000 309.88243918782416131 12930.885946005071673 4408.3538804691370387 -2721.3974326969919275 -927.9419102164342803 8057.6932233825637013 14513
720000000 308.24768768917863326 12862.670447138956661 4354.7974820446597732 -2706.7233688533933673 -1000.589861893853822 8062.1107127919067352 14516
721000000 308.7729398897995452 12884.588359999454042 4397.8575260613415594 -2670.4814161194672124 -857.31566370059226756 7925.6546058814019489 14516
722000000 309.8650885872147569 12930.161933898534699 4316.5463988464653085 -2655.2039172559930194 -1036.0853031023884796 8007.8356192048468074 14527
723000000 310.43404001555848026 12953.903343860363748 4419.6831661374453688 -2684.4889669661329208 -936.96558773182960067 8041.1377208354078903 14525
724000000 310.3067620169030647 12948.592241726397333 4367.4903609159146072 -2716.7395239051320459 -952.27524584928289642 8036.5051306703298906 14528
725000000 311.40670278766629053 12994.490966066434339 4380.4878169144776621 -2689.3644110859836474 -957.19017513041717393 8027.0424031308775739 14528
726000000 311.26672814909397857 12988.650053972623937 4351.3248624464340537 -2719.4496757369324769 -1017.6807094330580412 8088.4552476164235486 14526
727000000 311.4316214505518019 12995.530780999297349 4264.0278004264246192 -2733.340659896568468 -1006.8023747811755584 8004.1708351041679634 14524
728000000 312.02736077816302895 13020.39000606245645 4287.9083356370783804 -2658.4773327972698098 -1003.5765777942815475 7949.9622462286297377 14521
729000000 308.58726677597735488 12876.840525483992678 4481.7664660904865741 -2730.940464236126445 -972.86461351945058595 8185.5715438460638325 14520
730000000 314.0257037718082529 13103.777581684844336 4294.0164768124168404 -2718.7442713379250563 -998.08600159615389202 8010.846749746495334 14520
731000000 311.86012584631947675 13013.411566640315868 4351.9427122316446912 -2733.3870541472124387 -919.16495569985738712 8004.4947220787125843 14519
732000000 310.83792782528519183 12970.756919739804289 4234.9924831108019134 -2734.472253001147692 -977.57342220113287112 7947.0381583130829313 14525
733000000 306.72982164168507779 12799.332386444408257 4423.615613940494768 -2668.4170979732002706 -1002.4750547037378965 8094.5077666174338447 14522
734000000 309.34683438428811542 12908.536036004334164 4386.8163805534341009 -2704.0028420725379874 -957.5286290422542379 8048.3478516682262125 14526
735000000 309.29130340724958614 12906.218819409428761 4214.7113535049065831 -2797.5204785372002334 -1050.8251393678726799 8063.0569714099792691 14528
736000000 309.35337880288113865 12908.809123858653038 4315.2149928701373938 -2797.8003003482654094 -1014.022764483409901 8127.0380577018122494 14534
737000000 311.15607280092046949 12984.032587780291578 4415.9631818135221693 -2777.6921639517231597 -943.17512967381094313 8136.83047543905559 14530
738000000 309.91423643530538357 12932.212792991478636 4345.9867148373150485 -2789.6389863930703541 -996.09181079996960761 8131.7175120303545555 14525
739000000 309.24682297195778347 12904.362723797510625 4271.6380550368285185 -2758.6565636469999845 -970.76377998063503583 8001.0583986644624019 14526
740000000 310.1539288282087341 12942.214763425432466 4494.9973485548316603 -2716.1754667701202379 -929.34818378902104996 8140.5209991139736303 14526
741000000 309.96476844579973431 12934.321410911348721 4330.743439090290849 -2645.8854158976050712 -1019.4642008050846016 7996.0930557929805218 14529
742000000 309.65587751598292243 12921.43189902521226 4381.524334663224181 -2737.2408894005957336 -1002.8756837010278105 8121.640907764847725 14538
743000000 308.67011132679107277 12880.297492715269982 4150.3434658363203198 -2709.834280304909953 -1142.3109463624757609 8002.4886925037044421 14539
744000000 311.85636089163165252 13013.254461256134164 4359.0010847757312149 -2712.0630473098653965 -1003.1941369950613989 8074.2582690806584651 14537
745000000 306.57589232430484572 12792.909168491152741 4135.8546694209053385 -2768.0006015763178766 -1102.0624237308629745 8005.9176947280857348 14535
746000000 309.33201201278376402 12907.917522751777142 4142.7962745829836422 -2781.2797343104211905 -1040.0870090877988332 7964.1630179812036658 14538
747000000 305.98054805250734489 12768.066428459165763 4132.5934419852883366 -2816.2991613267054163 -1148.2689837124128189 8097.1615870244067992 14534
748000000 308.5466327082779685 12875.144932483241064 4309.2086866621202716 -2818.9219013861857093 -986.50782355172884763 8114.638411600035397 14528
749000000 307.39838610818907227 12827.230485112320821 4314.6698527286034732 -2841.854111150490553 -995.96007400172675261 8152.4840378808203241 14530
750000000 309.23317051862568405 12903.793029311487771 4048.1973685953989843 -2851.6418868375249076 -1059.364465251723459 7959.2037206846471236 14534
751000000 310.61630925502214495 12961.509140281570581 4225.5160148874310835 -2855.7038735545711461 -966.84061139243374328 8048.060499834436996 14529
752000000 304.71987982122158201 12715.460810802247579 4048.3992933325166632 -2849.9660993132383737 -1020.1896396665806606 7918.5550323123361522 14535
753000000 309.86405780436024315 12930.118921020613925 4086.4153234907475962 -2843.4160114331234581 -1033.8843658503781171 7963.7157007742498536 14531
754000000 312.54651748588963756 13042.05356400175333 4130.8037468722850463 -2769.9118744589072776 -1000.4831294507052917 7901.1987507818976155 14529
755000000 309.72156883462048427 12924.173090010965097 4243.6679664875418894 -2773.2202624993492464 -955.7752228119143183 7972.6634517988059088 14525
756000000 309.48423659224755511 12914.26960478773799 4177.5605157739282731 -2872.6306279449026988 -995.69098359669908405 8045.8821273155299423 14531
757000000 308.38542454375630086 12868.417980176882338 4003.697725114964669 -2844.6790329418699912 -1093.9178877762196862 7942.2946458330552559 14533
758000000 310.96633923983836212 12976.115317460255028 4193.2875272957835477 -2845.5085427496223929 -1016.6828916439898194 8055.4789616893958737 14534
759000000 307.47524313064849366 12830.437602605576103 4047.2833965407967298 -2803.4346893592664856 -1079.0868858066298799 7929.8049717066924131 14540
760000000 308.53412573062604451 12874.623036818646142 4192.2618277045958166 -2796.7647560421710295 -1026.0899029445404267 8015.1164866913068181 14532
761000000 312.8362262461539558 13054.142635413334574 3974.4069502445154285 -2776.6747000637469682 -1165.0540274501295244 7916.1356777583914663 14540
762000000 312.13331072166113245 13024.811123435063564 4187.1477110745536265 -2752.1619611279024866 -1036.2263289474767589 7975.5360011499324173 14534
763000000 310.95075591536215143 12975.465050888229598 4150.5154702602330872 -2781.2985760595533975 -1052.7908825771842203 7984.6049288969697955 14529
764000000 312.64173400650440726 13046.026793241435371 4284.0733383368815339 -2704.0896594429309516 -950.1663820008334369 7938.3293797806445582 14531
765000000 307.74114933264360161 12841.533432299398555 4215.4880618648085147 -2755.9716016162719825 -1146.4100172099711017 8117.8696806910520536 14522
766000000 311.64570911598076464 13004.464308150316356 4189.1580094178261788 -2752.7360417853105901 -1003.1669494513015479 7945.0610006544384305 14527
767000000 309.59154050409887304 12918.7472210390697 4157.6098164709619596 -2733.6357215180410094 -956.40888256883772556 7847.6544205578402398 14524
768000000 306.49302346805160369 12789.451187033748283 4203.4262865779546701 -2710.0389424266863898 -969.40503992459400706 7882.8702689292340438 14520
769000000 308.88322256435913005 12889.19027513310175 4290.0292050159696373 -2737.9767608633046621 -961.14085084561634176 7989.1468167248913232 14527
770000000 309.71152312083330571 12923.753898850702171 4170.3711163333464356 -2774.7889619798606873 -996.37332513545766233 7941.5334034486650125 14529
771000000 311.08264137796555815 12980.968414935998226 4162.6969341859685301 -2796.5910054608448263 -1084.670072676889049 8043.9580123237019507 14527
772000000 310.87361555833564353 12972.2461103081896 4266.1283716464295139 -2827.0980002242722549 -931.6761780343464352 8024.9025499050476355 14526
773000000 307.34284597282510276 12824.912886355516093 4251.4994818321929415 -2696.1959501671685757 -985.0984555460622687 7932.7938875454237859 14528
774000000 310.06495772986971815 12938.502145414136976 4134.6324021849140991 -2779.8248389284699442 -959.38102963066990014 7873.8382707440532613 14525
775000000 308.87757228267571463 12888.95449814553649 4216.1044250920404011 -2750.5522865310604175 -1050.873682487309452 8017.5303941104102705 14524
776000000 309.65297668389791852 12921.310852059988974 4133.8117770586140978 -2777.3352675222795369 -1013.7048851861814001 7924.8519297670754895 14528
777000000 308.04529331079993426 12854.224861678267189 4153.0499830169555935 -2807.0613421040757203 -1000.3526203902606539 7960.4639455112919677 14525
778000000 305.38026889540896036 12743.017763757328794 4352.3783401369164494 -2722.5471840035443165 -962.49154462955630152 8037.4170687700170674 14527
779000000 311.27379364553991081 12988.944885551120024 4216.9518552699692009 -2794.785956378771516 -959.04728417293790699 7970.7850958216777144 14523
780000000 308.28989876077469034 12864.431845925855669 4126.7326421544967161 -2799.3522833325705506 -1023.1793756616276596 7949.2643011486934483 14527
781000000 312.65987123301033535 13046.783629956480581 4003.0175703843469819 -2897.9184956988715385 -1021.5524289246042144 7922.4884950078230759 14532
782000000 307.03493838360270729 12812.064407659596327 4126.7179800218427772 -2834.5889463376138337 -968.50096261660996788 7929.807888976067261 14527
783000000 308.9427648347344757 12891.674876419989232 4215.379471099256989 -2823.2735243895549502 -1080.0919524734977131 8118.744947962310107 14532
784000000 311.05742791421982929 12979.916298446743895 4045.4691367737941619 -2915.1824844343309451 -1032.0188888896386743 7992.670510097764236 14525
785000000 311.85268369397613242 13013.101017828978001 4035.3958965831634487 -2841.1087899402918993 -1078.5311970307270713 7955.0358835541828739 14526
786000000 311.53073749974112161 12999.666731170738785 4108.8578406873120912 -2905.2249530741846684 -979.06482687099742179 7993.1476206324941813 14527
787000000 314.32654937011994889 13116.331375082501836 4163.0993736252303279 -2808.3725776670148662 -970.65487727598406309 7942.1268285682290298 14529
788000000 311.38873569930223084 12993.741228937004053 4089.0217217361528128 -2897.97363211234142 -970.10216288132176032 7957.0975167298156521 14531
789000000 310.5769399935253432 12959.866325569229957 4137.7278028259679559 -2812.5528528598060802 -978.63443769818150031 7928.9150933839555364 14525
790000000 307.79601166216679076 12843.822747330143102 4047.2383545333068469 -2821.250617036303538 -1088.8789288697043958 7957.3679004393143259 14530
791000000 307.89910195936653281 12848.124536352856012 4176.5351662550983747 -2778.1271287206900524 -1016.1664504043461648 7970.8287453801349329 14529
792000000 308.46370853375884735 12871.684642685329891 4227.4744797856037621 -2792.8535793803407614 -976.90268970739657561 7997.230748873340417 14533
793000000 310.7636972385684544 12967.659399102445605 4246.6788569202481085 -2754.320777140215796 -1020.7245370539553733 8021.724171114418823 14533
794000000 309.29739661128996886 12906.473078820508817 3996.6871269746634425 -2830.6213320530368946 -1139.5030239404643453 7966.8114829681644551 14531
795000000 312.35437569190810336 13034.035802072590741 4044.2621562662734505 -2701.7078729243121415 -1172.8027847020493937 7918.7728138926349857 14535
796000000 311.96954483644884704 13017.977441639230165 4145.4062111925959471 -2760.6995878206475936 -1096.5899268351861338 8002.6957258484289923 14540
797000000 308.31154642669093846 12865.335167519986499 4091.2716369347681393 -2748.3748648986061198 -1126.6094414644394419 7966.2559432978132463 14537
798000000 308.23784276632540013 12862.259634655047194 4258.8762211911298436 -2748.0881122529644927 -1031.1892304897855865 8038.1535639338799228 14533
799000000 311.55034179235246938 13000.484786148213971 4307.6778413937445293 -2730.8512709023070784 -985.23289054695544564 8023.7620028430083039 14529
800000000 314.51932327958763835 13124.375514154162374 4259.2753770805156819 -2694.2553619834961864 -1140.2762306885242651 8093.806969752535224 14530
