# Steps Temp KinEng PotEng Epair Ebond Eangle Bonds
401000000 307.83464392194849779 12845.434808169675307 4353.9101989553173553 -2671.6637622274870409 -982.6259940756361857 8008.1999552584402409 14531
402000000 310.95042110736989116 12975.451079899836259 4187.2136605736941419 -2671.9456984822345476 -1121.6440554166549646 7980.8034144725825172 14528
403000000 311.85321725087300138 13013.123282283191656 4434.554420731807113 -2626.3451362247383258 -957.09511315637791995 8017.9946701129238136 14529
404000000 312.45129148762651994 13038.079939275350625 4301.0548030743384516 -2671.1980844917607101 -1082.3940129986669945 8054.6469005647659287 14524
405000000 307.94706217530921322 12850.125837504110677 4496.6245210263150511 -2657.1628453977887148 -948.27947902434107164 8102.066845448443928 14526
406000000 311.49665758976010466 12998.244632422034556 4479.1002828563814546 -2654.5429720327792893 -922.96916687394457313 8056.6124217631040665 14521
407000000 306.69647016567620312 12797.940684050648997 4506.1558052405398485 -2609.3723504538202178 -938.74832831416392764 8054.2764840085237665 14515
408000000 309.50769717823362726 12915.248576562995368 4599.8019211361488487 -2560.2529867850576011 -887.54491010673655182 8047.5998180279430017 14510
409000000 311.96038599167383154 13017.595258068282419 4528.0135180940442297 -2653.4792969456730134 -930.01043865367955732 8111.5032536933958909 14518
410000000 307.89707190647345669 12848.039825575137002 4369.0332971430952966 -2645.1639335554955323 -992.38143877241623159 8006.5786694710077427 14520
411000000 309.95257129415671216 12933.812443777957014 4501.0371128287388274 -2669.492625659820078 -933.43618191059067613 8103.965920399148672 14520
412000000 309.52491124116238552 12915.96689117605456 4363.654554498593825 -2704.4329302932592327 -978.72079824376965007 8046.8082830356233899 14524
413000000 309.48079528361540724 12914.12600462264345 4439.5899010856210225 -2691.778501116559255 -931.91923329185317471 8063.2876354940335659 14523
414000000 311.03712107092889028 12979.068927181670006 4361.2162672551985452 -2702.1486244989355328 -1023.5839954417209583 8086.9488871958546952 14524
415000000 310.27866948159885396 12947.419986303002588 4341.5454864404282489 -2647.3687375725949096 -960.04859716478119935 7948.9628211778044715 14525
416000000 312.36049625301910737 13034.291203049358955 4407.5745490578328827 -2694.5061189029852358 -962.04799747328081594 8064.1286654341001849 14524
417000000 308.02191910244317796 12853.249494299812795 4421.7600098862822051 -2626.7227902324875686 -1012.4756948723162395 8060.9584949910858995 14535
418000000 310.83738878631066882 12970.734426527480537 4338.1062060726026175 -2636.7980728627730969 -1068.3698585907418419 8043.2741375261166468 14537
419000000 307.29965731576135113 12823.110694530396358 4306.889735760615622 -2666.1433835637744778 -1008.489426310317981 7981.5225456347088766 14529
420000000 306.00244237426568361 12768.980042597044303 4483.9167024387315905 -2568.2553864734177296 -986.93005683920773663 8039.1021457513561472 14527
421000000 311.49642073886718663 12998.234749022734832 4284.5711653394082532 -2587.2963572293128891 -1140.2033171583741478 8012.0708397270973364 14523
422000000 310.01383597573021689 12936.368918459198539 4345.9344584036771266 -2673.4678034923435916 -1053.2898123407439925 8072.6920742367647108 14534
423000000 307.58902157202152239 12835.185390354907213 4327.1875039835658754 -2681.8298727530163887 -1000.5417723810387542 8009.5591491176210184 14526
424000000 315.7084617878757058 13173.99631378700542 4377.7064988032452675 -2659.4981944564851801 -1059.1774635507656512 8096.3821568104958715 14529
425000000 313.12625596854968535 13066.245100048245149 4417.3860731168415441 -2580.1833855338936701 -1012.9901702868091888 8010.559628937544403 14527
426000000 305.12556789235236465 12732.389508637452309 4368.5151145087738769 -2625.6048394275794635 -1013.2384051738590642 8007.3583591102124046 14523
427000000 308.09940642846208902 12856.48291332683948 4396.3045469383632735 -2599.6475401048528511 -976.18566563772617428 7972.1377526809428673 14525
428000000 310.13747381611972287 12941.528122758987593 4512.6517403963853212 -2661.7189739662508146 -908.31725975973495224 8082.687974122371088 14520
429000000 311.67056583534673564 13005.501538281703688 4398.6992045468523429 -2680.4964646709081535 -949.24596581054038325 8028.4416350283008796 14517
430000000 312.04593978908360441 13021.165277716549099 4420.7839310688250407 -2625.0574086415049351 -1007.2948961906239447 8053.1362359009553984 14529
431000000 308.68883198711012028 12881.078675166440007 4351.4621304746233363 -2626.8224471452058424 -1030.32368265529567 8008.6082602751248487 14529
432000000 311.21329343829961545 12986.420311129981201 4366.7752226629900179 -2694.9991173010780585 -955.61465642520670372 8017.3889963892752348 14521
433000000 308.53750328852601115 12874.763976770243971 4607.5404731969556451 -2659.1142043340505552 -939.26480254942373449 8205.9194800804289116 14528
434000000 312.40317311467538275 13036.072038491525745 4358.7080437280237675 -2720.7752200394188549 -974.54369303457781371 8054.0269568020212319 14527
435000000 310.00016870861088591 12935.798605818130454 4131.6039749841565936 -2755.0054067965074864 -1074.0531441355317384 7960.6625259161965005 14531
436000000 311.59761658318922173 13002.457485633971373 4292.1055057800340364 -2743.7179460431725602 -1029.3226074079582304 8065.1460592311650544 14531
437000000 310.88131140356000515 12972.567245307369376 4207.7391662581576384 -2761.5198504826666976 -1047.3927048072532671 8016.6517215480780578 14534
438000000 309.99425541230590397 12935.551853661781934 4220.8179262875146378 -2725.4355853752203984 -1163.3752834080153207 8109.6287950707519485 14533
439000000 306.07344769639109927 12771.942978232795213 4242.0522127313270175 -2724.4223225859905142 -969.49826921484293507 7935.9728045321598984 14530
440000000 309.26350867179991155 12905.058990685538447 4235.3462051757305744 -2757.3174348211905453 -1001.1132036357569177 7993.7768436326787196 14537
441000000 308.65071603140887646 12879.488158849389947 4359.2447011227313851 -2693.7203116015407431 -1014.5215624946607704 8067.4865752189334671 14533
442000000 310.33011384046920966 12949.566675024252618 4213.4972633208681145 -2678.0610579765884722 -1073.2394469455643957 7964.7977682430209825 14530
443000000 311.05217097155519923 12979.696934851313927 4274.3537735841646281 -2692.2824822545971983 -1010.859159125556971 7977.4954149643199344 14529
444000000 310.18660849975356086 12943.578432520740535 4382.2268625559881912 -2714.5699467091531005 -992.54793643474397413 8089.3447456998837879 14529
445000000 313.23586886409020735 13070.81906640194029 4254.0061243669406394 -2775.1302549372230715 -1154.4199973549932565 8183.5563766591567401 14536
446000000 310.57591097280766235 12959.823386222389672 4248.742005069244442 -2701.8440713194995624 -1048.8274817675351187 7999.4135581562786683 14539
447000000 309.1385291553932575 12899.843800446051318 4351.8638877463208701 -2724.8487088284709898 -982.85839127861095221 8059.5709878534016752 14534
448000000 309.11851320718454872 12899.008567755658078 4177.0875890835686732 -2753.5394587117857554 -1033.0793558719794873 7963.7064036673345981 14533
449000000 311.5818524662611253 13001.799674889449307 4037.3856603252306741 -2864.0297784853796657 -1149.8930291696028689 8051.3084679802132086 14538
450000000 309.22552644759832674 12903.474054764634275 4227.5432024792535231 -2801.2446034973181668 -989.42268465227596153 8018.210490628847765 14541
451000000 310.06311629475078462 12938.425305346780078 4207.415341916228499 -2844.3110922037858472 -1073.4515754311053115 8125.1780095511203399 14536
452000000 314.0541157969889241 13104.963168896785646 4241.3385985864370014 -2834.0114917544333366 -1109.8383114155847124 8185.1884017564561873 14529
453000000 303.00642845955059101 12643.961295728515324 4285.1122334697738552 -2800.2562941915384727 -1037.5990504438734661 8122.967578105184657 14528
454000000 311.65376312208786658 13004.80038861570938 4356.2720758253090025 -2701.601578179016542 -940.35826738616367493 7998.2319213904884236 14527
455000000 312.71400800379046814 13049.042668610873079 4442.9442876297571274 -2746.7529192211659392 -911.6294145547296921 8101.3266214056520766 14516
456000000 308.02621628141025667 12853.428808530263268 4167.2548394702052974 -2789.5242040640846426 -972.65623380281306254 7929.4352773371028889 14519
457000000 310.80870910203736912 12969.53767034059274 4357.5369025519721617 -2768.5589480670832927 -957.94144503459040152 8084.0372956536448328 14521
458000000 311.25120165071803058 12988.00215866056169 4384.8546266404719063 -2724.6929099615863379 -938.46051614999953472 8048.0080527520585747 14525
459000000 309.00810267052065683 12894.401317146104702 4189.2023700374429609 -2747.5998560141624694 -972.91295560655703412 7909.7151816581636012 14527
460000000 311.65505511813569228 13004.854301491770457 4329.4964493935531209 -2748.1985316460036302 -976.36123230259443062 8054.0562133421517501 14532
461000000 311.65679245460086122 13004.926797693038679 4166.2563108368640314 -2709.3514846094622044 -1118.7054805868590392 7994.3132760331836835 14534
462000000 310.40726583038855324 12952.786101025832977 4223.7445538044848945 -2728.1453287418075888 -977.31594495559363622 7929.2058275018862332 14533
463000000 310.5774458773734068 12959.887435272505172 4349.5819563724435284 -2758.9268937770548291 -913.09580022120940157 8021.6046503707075317 14528
464000000 312.84133531852563692 13054.355828623964044 4284.4710628787061069 -2780.4891592893827692 -1052.0665790110610942 8117.0268011791495155 14536
465000000 315.75464644077771936 13175.923523604691582 4234.5879577964497003 -2752.6233369744099946 -1039.4661307395595031 8026.677425510419198 14536
466000000 310.21765792871815393 12944.874074266952448 4281.3599642695717193 -2725.6034422500570145 -1080.647319676562347 8087.6107261961915356 14531
467000000 307.31926884742654238 12823.929051581713793 4191.0447236364689161 -2792.0886990600101853 -1055.6941225689006387 8038.8275452653797402 14534
468000000 311.16682971137493041 12984.481456011038972 4325.2468734377507644 -2686.463150378125647 -1037.3342729033379328 8049.0442967192147989 14531
469000000 314.54684246198473829 13125.523844501105486 4311.354613787469134 -2686.0481930544633542 -1051.4100308380425304 8048.8128376799768375 14526
470000000 311.40679052483483247 12994.494627194579152 4221.4002986029099702 -2723.8110975622685146 -1049.5892334237480554 7994.8006295889272224 14526
471000000 308.77111748898562382 12884.512314202425841 4421.4452780727433492 -2714.4794540665820932 -884.84137018538604025 8020.7661023247119374 14521
472000000 307.04158212641942782 12812.341640150869353 4364.3482247686561095 -2737.8670829197571948 -960.65692647242883595 8062.8722341608408897 14523
473000000 307.93379864621113029 12849.572372188495137 4320.3304916154747843 -2791.8294883595572173 -999.26533743495178896 8111.4253174099831085 14523
474000000 311.40662667997503377 12994.487790217302972 4243.5245116962123575 -2715.7027666363810567 -1091.6798648278684141 8050.9071431604625104 14531
475000000 313.9774990766928795 13101.766078818684036 4200.4493186295276246 -2782.4251213424890921 -1013.4211445069723823 7996.2955844789885305 14534
476000000 308.2891637116607626 12864.401173531894528 4359.3396003768139053 -2798.6429969465216345 -996.31178512787960244 8154.2943824512149149 14528
477000000 312.32016714662114509 13032.60833558354534 4256.164138003453445 -2791.1054229105238846 -1033.9106582976739901 8081.1802192116510923 14527
478000000 307.00164366931812765 12810.67507383949669 4335.510797326636748 -2767.6894149819245285 -979.91151545863783667 8083.1117277671983175 14532
479000000 310.7440996474309145 12966.841623766482371 4405.7977771962887346 -2790.7990537965170006 -943.98367469136485397 8140.5805056841709302 14530
480000000 307.56473266245251352 12834.171853995077981 4342.7045259191490914 -2755.6501353308676698 -926.11610877108876139 8024.4707700211056363 14527
481000000 308.09225633853833415 12856.184551801256021 4411.2073204759408327 -2769.7715852839519357 -1020.0728100943731533 8201.0517158542661491 14530
482000000 312.66743072646312385 13047.099075219863153 4316.743936546778059 -2813.8918383312866354 -980.25942738551566435 8110.8952022635803587 14527
483000000 308.0129323962238459 12852.874493788467589 4543.2492529497812939 -2753.0018946045593111 -941.24229007489384458 8237.4934376292330853 14530
484000000 307.57926862479786223 12834.778415863171176 4218.9321273800796916 -2787.4912314698303817 -1098.4626156201065896 8104.8859744700175725 14529
485000000 308.05127006517625432 12854.474261835855941 4311.6680467945034252 -2745.4064737727803731 -1090.9535260930897493 8148.0280466603744571 14531
486000000 308.64844677520363803 12879.393466509774953 4325.3823133086125381 -2712.7222161506970224 -978.18774846669111867 8016.2922779260006791 14528
487000000 308.09393030122339496 12856.254403518620165 4384.9132588492102514 -2774.9766731227982746 -965.01226106494505075 8124.9021930369535767 14521
488000000 307.55841227838237728 12833.908114733956609 4301.7111957230954431 -2784.6388725570614042 -979.34292035209784899 8065.6929886322541279 14532
489000000 313.89560606892678152 13098.348817918149507 4178.7313320011044198 -2794.7984290496638096 -1071.227784486838118 8044.7575455376072568 14531
490000000 305.87306168651497273 12763.5811986957724 4488.6485352307245194 -2699.0462898379118997 -1041.0946105585944679 8228.7894356272317964 14529
491000000 311.76275351894702226 13009.348379120396203 4255.4671661690999827 -2771.3301083799838125 -1041.5701945509122197 8068.3674690999969243 14529
492000000 311.14323477339161172 12983.496877947291068 4337.5502296128397575 -2746.2767884635063638 -1004.0193707074291751 8087.8463887837751827 14531
493000000 307.07233962050941045 12813.625099933567981 4374.2141342077238733 -2780.2797721395054396 -984.66682709143674401 8139.1607334386662842 14534
494000000 306.8404741675619789 12803.949734866931976 4262.682842427480864 -2728.9848675536291012 -1080.8802120250129519 8072.5479220061224623 14534
495000000 309.95503046385101698 12933.915060895991701 4401.1388724499047385 -2747.1239685864984494 -928.75942953658773149 8077.0222705729902373 14535
496000000 310.26468605394774158 12946.83648080148123 4171.7718110851028541 -2834.2414651182043599 -1005.1990123785108153 8011.2122885818180293 14536
497000000 310.36348246528888239 12950.959093009760181 4275.1053993875284505 -2742.0036833503513662 -999.54198561579198667 8016.6510683536707802 14529
498000000 309.28040560783642832 12905.764072113508519 4398.8608807377449921 -2761.3968799275512538 -891.60118236469315889 8051.85894302998895 14525
499000000 308.70000353537989213 12881.54484555316958 4468.7595753460664127 -2777.7212713396802428 -927.63945681799987142 8174.1203035037469817 14519
500000000 311.48948686638800609 12997.945409896492492 4422.2590149538427795 -2768.4930078150487134 -936.56254147893605477 8127.3145642478284572 14517
501000000 309.87415357810448313 12930.540201100780905 4415.7137072225550583 -2685.8811482171795433 -903.49698470255248139 8005.091840142287765 14514
502000000 310.20710859008448779 12944.433867667845334 4386.527990915643386 -2741.6350434145524559 -966.29989863306786901 8094.462932963264393 14517
503000000 315.2209448088225372 13153.653029832612447 4324.1421959634699306 -2709.4080380937762129 -981.4303131130429847 8014.9805471702884461 14520
504000000 311.13198976558896902 12983.027642214736261 4357.6191669478357653 -2746.6969254360728883 -968.86766539375844332 8073.183757777667779 14521
505000000 310.56413866566464321 12959.332147153190817 4387.3529166752878155 -2725.5183290361737818 -983.10167133686331908 8095.9729170483242342 14521
506000000 311.17896483699354349 12984.987834900162852 4251.3773163623718574 -2710.3328439371794047 -966.76541488205543828 7928.4755751816073825 14527
507000000 308.09359788474205288 12856.240532324054584 4356.9223217509834285 -2732.3331072336509351 -1071.6832283463786553 8160.9386573310130188 14525
508000000 310.83662766788575027 12970.702666303925071 4341.6506119411333202 -2706.3622309538814079 -1040.6453355733028729 8088.6581784683194201 14521
509000000 310.92037716722205687 12974.197395552833768 4446.1716881781048869 -2654.3556473236703823 -920.77368707699213246 8021.3010225787675154 14517
510000000 308.99626122780495052 12893.907193162847761 4525.1901983834904968 -2616.8802866605055897 -882.36183013796335217 8024.4323151819589839 14516
511000000 307.0532827577725925 12812.829888306912835 4313.1050112059183448 -2655.8279414362268653 -1011.2050331712918023 7980.1379858134359893 14518
512000000 312.2224748066975053 13028.531794464719496 4332.8573994163652969 -2617.8778731669062836 -1018.9834356404342088 7969.7187082237051072 14525
513000000 309.41450439124844252 12911.359794408528614 4345.2936624139929336 -2695.1787508198576688 -953.37034670600758091 7993.8427599398592065 14526
514000000 311.3966346428199472 12994.070838894862391 4337.4787552000216238 -2658.1954241913799706 -946.48220579142673614 7942.156385182827762 14529
515000000 308.47556457376907701 12872.1793757897467 4365.3741989828467922 -2675.3567656190462003 -989.58603664297106661 8030.3170012448636044 14525
516000000 308.53859830347329307 12874.809669948050214 4326.984800100848588 -2740.8797989498580137 -1076.7827580920752553 8144.6473571427814022 14526
517000000 308.96044209846394324 12892.412519642761254 4295.2069072765061719 -2732.6777667295973515 -1063.157590330748917 8091.0422643368528952 14524
518000000 308.19024534879656585 12860.273472486571336 4383.2529145383741707 -2684.6865383892227328 -968.33602969070727795 8036.2754826183045225 14519
519000000 309.64432500857014929 12920.949831838259342 4398.2495945369519177 -2691.280123073550385 -1034.1868433536224074 8123.7165609641251649 14525
520000000 310.59148099136541532 12960.473097560259703 4298.2724053465371981 -2669.0176647173957463 -985.07011286961767382 7952.3601829335511866 14525
521000000 311.90067841899133327 13015.10375898723214 4422.5064069061563714 -2632.6543035871391112 -999.83961229453996111 8055.0003227878351026 14524
522000000 310.12177239843862253 12940.872928351209339 4373.0943145393421219 -2628.9647489502031021 -1016.9038269199179467 8018.9628904094633981 14528
523000000 308.08352600734735915 12855.820249399361273 4312.2696947246713535 -2610.7413241577296503 -999.44151214278303996 7922.4525310251847259 14528
524000000 306.49049634127311492 12789.345734178048588 4370.7719142306577851 -2639.0484640474214757 -973.94962140958227792 7983.7699996876617661 14529
525000000 311.15659613897378222 12984.054425818923846 4498.9345332928287462 -2712.0797620428311347 -969.53080873784665528 8180.545104073506991 14526
526000000 310.52309358335656952 12957.61940318692541 4313.0909167062418419 -2649.738895626187059 -1047.0494438453456496 8009.8792561777754599 14525
527000000 311.26693411758009233 12988.658648699738478 4519.9683597728926543 -2623.1996404619071654 -946.08744245809339191 8089.2554426928945759 14521
528000000 307.55787011255478092 12833.885491043181901 4359.6192937680880277 -2600.1050205731789902 -1022.8550452632836141 7982.5793596045505183 14532
529000000 309.02182027748807513 12894.973730386471289 4299.7984875248203025 -2682.6997605847986961 -1008.7760924689896456 7991.2743405786077346 14530
530000000 306.24803495111285656 12779.228218030022617 4247.8884201158998621 -2718.2543906016135224 -1169.3208092012282577 8135.4636199187416423 14539
531000000 307.3591609677120573 12825.593684333760393 4293.4079694685042341 -2678.6065709758177036 -1011.8132877279927015 7983.827828172315094 14531
532000000 309.44766557207310598 12912.74355609635677 4247.2855544753019785 -2729.3434787991918711 -1099.5933138458958638 8076.2223471203906229 14536
533000000 308.03057068198069146 12853.610510524371421 4260.9605811970968716 -2734.9296565068029849 -1034.3890802591563443 8030.2793179630571103 14524
534000000 311.11271250493990692 12982.223233744680329 4292.1097103618121764 -2671.7101355821773723 -1045.0166949764679885 8008.8365409204579919 14527
535000000 312.57986434585319557 13043.445073775512355 4618.694150489214735 -2639.8256065720033803 -888.06154425632871607 8146.581301317546604 14528
536000000 310.5117228514733938 12957.14492119469287 4392.9312507386130164 -2616.5562882203112167 -990.92861966801160634 8000.4161586269365216 14529
537000000 310.64077168483663627 12962.529917356652732 4339.8733672663365724 -2620.4840215780063772 -975.41707135751767055 7935.7744602018601654 14516
538000000 310.87721234903131062 12972.39619848478651 4562.4887381065327645 -2675.350641579616422 -883.1991210237681571 8121.0385007099157519 14516
539000000 310.59727756766778839 12960.71497918233581 4521.6655877514267559 -2623.6639048632850972 -921.46693465221176211 8066.7964272669232741 14511
540000000 309.32004964424902482 12907.418352732423955 4400.9252319544402781 -2618.6838733632212097 -944.66170517350280988 7964.2708104911644114 14519
541000000 315.11178925505117832 13149.098147600854645 4429.4598150312858706 -2639.8598709412763128 -989.99781787714357506 8059.3175038497047353 14525
542000000 311.04548947337644904 12979.418126890706844 4461.1517993598681642 -2642.6547208614042574 -918.81191420125037439 8022.6184344225230234 14531
543000000 308.67536633242156086 12880.516775481442892 4491.1852040311860037 -2517.5195692358634005 -1057.0772922857913727 8065.7820655528412317 14527
544000000 309.97528792403983289 12934.760371485206633 4299.3956662755363141 -2620.944391459108374 -1102.8466123125674585 8023.1866700472110097 14532
545000000 311.00025847319955119 12977.5307114371426 4440.3554580189756962 -2520.1277281480101919 -1007.5065693443523287 7967.9897555113366252 14528
546000000 307.16287152569026375 12817.40284785447875 4404.0058171875789412 -2628.0719027521759017 -1013.2185637844645498 8045.2962837242193928 14528
547000000 309.03155294275228471 12895.37985854530416 4503.4308112110038564 -2656.8073725818057937 -1003.3724206791583811 8163.6106044719672354 14525
548000000 306.4990333103953617 12789.701967897950453 4352.8267368133638229 -2660.4745181271136971 -998.00148378998471799 8011.3027387304618969 14526
549000000 310.24050941916493684 12945.827629484336285 4401.8537618240370648 -2605.1280329728833749 -1073.1558473152720126 8080.1376421121913154 14532
550000000 310.49588531987166107 12956.484046976247555 4366.1122055692949289 -2663.3435861400284921 -1053.4528987308901833 8082.9086904402138316 14533
551000000 310.79131329621878876 12968.811771894819685 4432.7006826758915849 -2662.6086899437123066 -997.22704136419156384 8092.5364139837956827 14527
552000000 310.08131727147178935 12939.184802253743328 4382.0417667563833675 -2692.7563771315763006 -975.17377136303855423 8049.9719152509987907 14534
553000000 311.66251597212311708 13005.165630692043123 4315.7431679695218918 -2684.7972269275114741 -1105.4335922089640007 8105.9739871059964571 14536
554000000 308.98162481721635686 12893.296439754310995 4318.2205810362338525 -2613.6926901952865592 -1066.6611731214002248 7998.5744443529210912 14531
555000000 306.18019090965117357 12776.397197451520697 4481.8387741954493322 -2629.402986259060981 -1057.3501552573179652 8168.5919157118278235 14535
556000000 311.07325505942003474 12980.576739257689042 4325.837513013429998 -2658.7697594076662426 -1022.0636647784943989 8006.6709371995902984 14529
557000000 309.02823577022701329 12895.241438376351653 4396.3094605356836837 -2678.1615768668934834 -996.44023536503084415 8070.9112727676074428 14531
558000000 304.48850825087521343 12705.806054646531265 4519.3530246131222157 -2732.3881253593676774 -849.61982623380299628 8101.3609762062924347 14523
559000000 309.96317567456503639 12934.254947180044837 4342.5122550083533497 -2690.0130713606158679 -954.81791396366247682 7987.343240332631467 14532
560000000 314.20066208711097033 13111.078305231534614 4240.0531680291296652 -2615.1118809268418772 -1130.9084709217036107 7986.0735198776746984 14537
561000000 306.86558926948919179 12804.997746878823818 4325.2239413349007009 -2739.4362172107908009 -1044.5371885686417954 8109.197347114333752 14538
562000000 311.71470026266928244 13007.343195548555741 4428.4553825399443667 -2737.9315288659563521 -993.17751107632932417 8159.5644224822299293 14533
563000000 308.13796089968030856 12858.09172817720173 4258.1897803652045695 -2679.6884774073159861 -1060.2960912613216351 7998.1743490338440097 14526
564000000 311.2704286944457408 12988.80447166085105 4366.1387837049933296 -2713.1339666068602128 -998.01863617969615916 8077.2913864915499289 14530
565000000 309.75552513446461944 12925.590030711391591 4369.625876060002156 -2648.8677892002724548 -1047.4717843315570462 8065.9654495918330213 14529
566000000 309.17517048397678536 12901.372782992029897 4525.6463521796113127 -2614.6841348727029981 -949.11122930110207108 8089.4417163534153588 14526
567000000 312.62991724379185143 13045.533699114232149 4301.1844477007025489 -2637.9159523090120274 -1024.7174606393041358 7963.8178606490191669 14524
568000000 310.4638038102237374 12955.145338195845397 4472.3065394430832384 -2594.4378915334109479 -967.18388953869907709 8033.9283205151932634 14521
569000000 310.05285033028013686 12937.996923486731248 4397.8265027830448162 -2605.5459679449645591 -919.21125179388445758 7922.5837225218947424 14519
570000000 310.77917391240299594 12968.305215318112459 4391.8005106691070978 -2649.9837221272155148 -1033.6471659314147473 8075.4313987277373599 14521
571000000 311.21975528110715459 12986.68995323220588 4255.9058088391875572 -2707.0637496982617449 -1061.6029529224172165 8024.5725114598662913 14521
572000000 308.82451670261565368 12886.740575806619745 4302.2234260238674324 -2727.3841402156476761 -931.42288463511965801 7961.0304508746339707 14525
573000000 312.00305388643892002 13019.375719336785551 4353.4423890318084887 -2645.7852961112898811 -1039.1046451083111606 8038.3323302514090756 14520
574000000 308.60383957696694779 12877.532081288070913 4246.556371641718215 -2696.730021731789293 -1040.8293908663556522 7984.1157842398633875 14531
575000000 309.24696364538533544 12904.368593868923199 4346.1119072829606012 -2752.8240273786423131 -969.57757177992129982 8068.513506441523532 14529
576000000 313.18566355829415215 13068.724081333297363 4372.8192666832183022 -2661.9625287450371616 -1023.3416605073341543 8058.1234559355898455 14526
577000000 310.59961440745968275 12960.812491674176272 4456.3503229948710214 -2699.915276029866618 -932.86126994375376853 8089.1268689684902711 14522
578000000 309.38505448484642102 12910.130898115459786 4428.2914814276173274 -2709.8747976472732262 -1036.754094602291616 8174.9203736771814874 14524
579000000 312.75142997370699049 13050.604226039340574 4440.6943415494033616 -2724.3568338146887982 -969.55408247037837555 8134.6052578344697395 14524
580000000 310.06098160553364096 12938.336228266874969 4239.9429021230080252 -2721.072515028552516 -998.74957088807832406 7959.7649880396384106 14521
581000000 308.31624806853170639 12865.531359322792923 4328.1060671862514937 -2672.9391507838236066 -958.78989139706027345 7959.8351093671353738 14528
582000000 306.47896527027126012 12788.864561497366594 4487.6362895771571857 -2730.3049605733658609 -902.076317280788885 8120.0175674313122727 14519
583000000 307.67042381220448988 12838.582172329110108 4264.3264468465040409 -2726.9610728527268293 -1040.2755112651784657 8031.5630309644084264 14527
584000000 309.60955044202796671 12919.498746210570971 4420.9965156091366225 -2704.9163047261586144 -977.60095987865338429 8103.5137802139488485 14525
585000000 308.57493871569425892 12876.326095747755971 4336.7823399081589741 -2745.2180246612078918 -1000.4780869970799131 8082.4784515664468927 14526
586000000 311.74568294924279144 13008.636052244251914 4216.703142685122657 -2763.5560107952287581 -1019.1939293394348169 7999.4530828197857772 14531
587000000 308.56948896358437651 12876.098686530403938 4297.5008336659484485 -2678.3405692194373842 -999.93281678388325417 7975.7742196692697689 14522
588000000 307.21065673371555249 12819.39684621237393 4294.6797544014671075 -2653.3942127782247553 -977.41126724155196825 7925.4852344212422395 14524
589000000 311.96436967147246833 13017.761490492604935 4313.4924165806587553 -2697.7249368937705185 -972.94751267688002372 7984.1648661513099796 14528
590000000 310.76328215886468342 12967.642078507184124 4307.2137776841855157 -2736.2998217117415152 -1022.6433009797793829 8066.1569003757067549 14535
591000000 312.95078866728391631 13058.923137352108824 4315.4420780358714183 -2619.5133380775678233 -960.47411183063786666 7895.4295279440766535 14523
592000000 309.63716679255946929 12920.651131224396522 4343.1958401188840071 -2720.2461716358511694 -959.11049731642765437 8022.5525090711626035 14528
593000000 308.91697701108051888 12890.598792833778134 4506.4983734984907642 -2641.9852363871377747 -936.71986535226210435 8085.2034752378913254 14528
594000000 309.99290421271160767 12935.495470318826847 4268.5978503701662703 -2682.6870720823476404 -1089.8850247634970856 8041.1699472160116784 14536
595000000 310.62100868294191969 12961.705239701084793 4312.617273097324869 -2690.3188458819122388 -1000.6061251083629031 8003.5422440876009205 14532
596000000 312.15577520231494191 13025.74852936852767 4335.1051409950405287 -2637.0068695389127242 -993.12983491791453616 7965.241845451867448 14529
597000000 304.28104736106553219 12697.149051973463429 4367.1480636384585523 -2676.5827116875143474 -968.99985605352856055 8012.730631379501574 14525
598000000 310.00011180792591858 12935.796231445870944 4369.3096715254432638 -2678.3880051080104749 -1010.8332942697931003 8058.5309709032471801 14524
599000000 308.77307352537468432 12884.593936392826436 4466.5874979781929142 -2657.0165369251976699 -927.91883084369533208 8051.522865747087053 14525
600000000 308.90371900006039141 12890.045557778505099 4331.6520997806655942 -2658.1435229171206629 -991.94181585605656437 7981.7374385538441857 14527
601000000 309.47946265913316211 12914.070396388649897 4290.8534621046474058 -2707.2563456791344834 -1071.2922325640010968 8069.4020403477825312 14530
602000000 312.95176386274590641 13058.963830659309679 4441.5592672377724739 -2663.5243410898156071 -943.49026099647016963 8048.5738693240582506 14525
603000000 306.49805706782785819 12789.661230896754205 4382.3176047012802883 -2706.7600956724782009 -957.11642608699435186 8046.1941264607530684 14530
604000000 311.15339612812442738 12983.920894614549979 4345.0721585145211066 -2736.5194133371837779 -970.46082668673693661 8052.0523985384415937 14525
605000000 310.47542130358311852 12955.630117139764479 4332.756049863656699 -2680.6590816154671302 -1021.0595237432968361 8034.4746552224205516 14520
606000000 308.48388497433404609 12872.526572458949886 4422.874476899876754 -2607.5161186166483276 -884.53470703579932888 7914.9253025523239558 14518
607000000 306.93333288251767499 12807.824576743521902 4366.2110748184186377 -2613.0072963001030075 -1004.5698317411388416 7983.7882028596604869 14515
608000000 315.00829106551429959 13144.779337899901293 4489.3165268251868838 -2680.0665838024442564 -970.56698747718724007 8139.9500981048186077 14519
609000000 310.92580954966001627 12974.424079962265751 4326.302400192424102 -2636.0057749208572204 -1023.9965538069453714 7986.304728920227717 14528
610000000 309.56440557608107156 12917.614924997154958 4318.5020984897155358 -2676.6281454194977414 -999.20820959876618872 7994.3384535079785564 14521
611000000 310.18651034399050559 12943.57433664173368 4297.8092827718419358 -2692.2860638402989935 -1045.6083875123922553 8035.7037341245331845 14525
612000000 308.34354861297856587 12866.670566266662718 4439.7216932744377118 -2693.759755879757904 -907.98795229248855776 8041.4694014466840599 14524
613000000 308.04571098973536891 12854.242290735202914 4368.2837154215421833 -2655.8502955404519525 -1020.7026599012162933 8044.8366708632102018 14525
614000000 311.04623148732957816 12979.449089915986406 4316.2054793556953882 -2738.7032716859921493 -1033.2166203684666925 8088.1253714101540027 14526
615000000 313.17557062348538466 13068.302919717250916 4447.7073490509856128 -2645.5111404678764302 -959.17301908218325934 8052.3915086010456434 14519
616000000 308.46314090205879666 12871.66095634546582 4392.7199297194947576 -2623.1859922269868548 -971.13985938607299886 7987.0457813325547249 14527
617000000 308.98672672380951099 12893.50933394875392 4368.0468702518455757 -2593.6601898731119036 -951.19095744924391056 7912.8980175741999119 14524
618000000 310.76729018242468783 12967.809326756741939 4396.0049296334782412 -2664.8288480986670947 -957.27634852594519543 8018.1101262580905313 14526
619000000 310.23423028991516048 12945.565611719206572 4375.4934147904932615 -2636.4590732546794243 -968.75148451519385162 7980.7039725603663101 14523
620000000 311.36875802211380915 12992.907593233521766 4376.0432677167245856 -2616.5626325359312432 -969.66705625857275663 7962.2729565112276759 14520
621000000 310.93051539516557114 12974.620447177107053 4437.44835677969877 -2674.9802670272401883 -914.26053977072763246 8026.6891635776664771 14527
622000000 303.39177791986247712 12660.041296691806565 4417.4863561473730442 -2596.7079693567579852 -1011.0676743656182452 8025.2619998697482515 14529
623000000 313.67938351323732604 13089.326205298015338 4375.8458142669405788 -2606.5442110342337401 -1074.2512169451881618 8056.6412422463617986 14522
624000000 312.13961903117092334 13025.074358844585731 4366.8194443067923203 -2559.1843709717654747 -966.16308272354740438 7892.1668980021040625 14520
625000000 309.0355901961862628 12895.548326509564504 4417.2363328614583224 -2574.8366976359502587 -976.69980035908827176 7968.7728308564974213 14521
626000000 312.82020161054617802 13053.47395365158809 4432.4069654396789701 -2633.7352529593708823 -904.33637457301483664 7970.4785929720655986 14519
627000000 310.36428205991290952 12950.992458781998721 4344.4571943504015508 -2637.0401275665453795 -1047.569695717462082 8029.0670176344092397 14537
628000000 308.60179284699074742 12877.446674603026622 4388.0883464250364341 -2637.0914572533365572 -1045.5777182522274416 8070.7575219305999781 14531
629000000 309.21779924430745723 12903.151611244769811 4296.2928239507227772 -2661.0094176173483902 -1091.8119884993197957 8049.1142300673909631 14535
630000000 308.10158859599118841 12856.57397159883476 4362.0983392560365246 -2640.6897854287872178 -1010.3704846341703387 8013.1586093189935127 14526
631000000 308.76404612275337058 12884.217237687373199 4337.062387631063757 -2658.6703528502239351 -929.10497534918022211 7924.8377158304674595 14524
632000000 306.99791296745507907 12810.51939776951258 4391.6241868247579987 -2621.1483315917971595 -953.44003294524054581 7966.2125513617966135 14524
633000000 311.18499967201955769 12985.239658668004267 4344.5437609255641291 -2661.4308685074670393 -970.59106732674581508 7976.5656967597769835 14527
634000000 308.16353387738422498 12859.158846594287752 4322.6223192429815754 -2627.0313731354281117 -1011.4171564408898121 7961.0708488192994992 14525
635000000 306.4245380818688318 12786.593404191911759 4331.6514879200458381 -2720.5796999987551317 -1028.0593828598487107 8080.2905707786503626 14527
636000000 310.06551634020689789 12938.525455307326411 4375.2456368796010793 -2696.9448254036060462 -940.26727466404975075 8012.4577369472553983 14520
637000000 309.93084977349718656 12932.906040346519148 4475.8114977731283943 -2601.9350902557848713 -923.2993760441294171 8001.0459640730423416 14522
638000000 309.2605102608469565 12904.933871914196061 4258.7281000755592686 -2673.1833920141452836 -976.51340523369287894 7908.4248973233989091 14520
639000000 306.1169316667526914 12773.757492997487134 4413.0994539036219066 -2693.0853486060232171 -963.42584593957792549 8069.6106484492229356 14517
640000000 310.0346067018034546 12937.235646791958061 4327.8502540189392676 -2721.5398067158539561 -1012.7036181401615522 8062.0936788749550033 14524
641000000 308.8316151453361158 12887.036782179118745 4376.6207052600966563 -2679.220198222756153 -1041.8082172743997944 8097.6491207572526037 14521
642000000 307.79422424830755745 12843.748161481353236 4390.6704105590069958 -2693.7955747437094942 -956.10276841284257898 8040.5687537155581595 14532
643000000 309.4290480671095338 12911.966678148983192 4355.9070091870562464 -2733.5119300670762641 -991.18801592469105799 8080.606955178822318 14537
644000000 306.89692469460999291 12806.305322775569948 4487.8697190269813291 -2640.4448409724809608 -982.07193774056509028 8110.3864977400271528 14534
645000000 311.4509090969791032 12996.335622850845539 4343.9801985240374052 -2716.806004614702033 -983.36756581378483588 8044.1537689525230235 14530
646000000 311.16979601704247216 12984.605235081478895 4230.2986970251558887 -2733.8627631448448483 -1068.8171241923287198 8032.9785843623285473 14534
647000000 310.27210306175049936 12947.145980372381018 4366.5359988578411503 -2680.6406160700462351 -1096.5455882353085144 8143.7222031631954451 14531
648000000 311.69141046201968948 13006.371350365283433 4512.6381398243920557 -2686.6679563722300372 -927.3458789934016977 8126.6519751900250412 14529
649000000 312.91634952008297432 13057.486048223405305 4265.1487808579349803 -2674.5185110617267128 -995.18749440597036937 7934.8547863256335404 14532
650000000 308.57479860666961713 12876.320249227950626 4376.5843801878218073 -2700.0542014493339593 -978.2934266080138741 8054.9320082451686176 14520
651000000 306.15151560758374671 12775.200624126899129 4363.1126564953374327 -2637.4074804592783039 -1049.0194701622704088 8049.5396071168852359 14528
652000000 306.54753502632718209 12791.725864955633369 4188.9814993600275557 -2690.2849411208826496 -1042.791375246937605 7922.0578157278487197 14527
653000000 309.95376317225787943 12933.862178896306432 4371.1349051082370352 -2649.6069395416398038 -973.3252107043530259 7994.0670553542295238 14526
654000000 309.30830184532413796 12906.928136350970817 4298.3043172108427825 -2693.5994884953761357 -1037.7827001852078865 8029.686505891428169 14532
655000000 306.37484135315673939 12784.519641210859845 4445.972414132897029 -2663.600868505114704 -988.21846038142734869 8097.7917430194393091 14531
656000000 310.72896188582859622 12966.209949802412666 4304.0729847844468168 -2700.4219115083510587 -1042.6195147182006622 8047.1144110109980829 14530
657000000 309.85179124861650735 12929.607057767929291 4394.1366860922298656 -2677.5241613687894642 -989.04084657647626955 8060.7016940374960541 14531
658000000 308.66189775745721136 12879.954753938125577 4511.8086048237264549 -2632.0684173025456403 -885.28556367834835328 8029.1625858046209032 14520
659000000 312.55905177309540477 13042.576599249239734 4417.9189360761665739 -2636.451172204751856 -1005.3748046940661425 8059.7449129749838903 14524
660000000 309.02046653348418204 12894.91724086947761 4340.1737121620535618 -2633.2223688891472193 -1028.0546511020586422 8001.4507321532582864 14530
661000000 306.6655223781068571 12796.64928363315812 4439.4985968837536348 -2594.5159107648541976 -968.83718828553924141 8002.8516959341468464 14523
662000000 308.2473443987059909 12862.656122190566748 4451.406226988355229 -2640.0108317474941941 -930.93757489631286717 8022.3546336321633135 14511
663000000 312.92243053741083259 13057.739799102959296 4484.720133525390338 -2671.6164832839504015 -1012.4610657998897523 8168.7976826092299234 14522
664000000 311.43484856736080246 12995.665443290910844 4189.7413604134180787 -2663.3313748144628335 -998.66737087922001592 7851.7401061071013828 14521
665000000 307.94177674204240702 12849.905285042579635 4408.8849457738542696 -2654.588717118896966 -883.40686973598894838 7946.8805326287410935 14522
666000000 305.18804232146396771 12734.996464099340301 4411.2400800706054724 -2638.4839229188319223 -947.09345291801594158 7996.8174559074541321 14521
667000000 309.47184991170996682 12913.752728924424446 4335.7222197275596045 -2677.4145875290450931 -986.85088241014409505 7999.9876896667483379 14521
668000000 309.1006698175970655 12898.263992373294968 4411.9136434433421528 -2703.6908076326062655 -1024.2588439365561044 8139.8632950125029311 14519
669000000 310.21704119247266362 12944.848338874942783 4332.069718238662972 -2658.2467766686795585 -1029.8165930773836862 8020.1330879847264441 14523
670000000 306.67396886207353646 12797.001741555925037 4408.0893026828734946 -2645.4145264581975425 -937.21072884108775725 7990.7145579821572028 14520
671000000 307.67873990773716741 12838.929189356378629 4405.3043313889520505 -2694.2064422146763718 -928.38692306436416857 8027.8976966679929319 14521
672000000 309.73633183755333675 12924.789125910403527 4313.7916292300578789 -2693.07335733853688 -1032.4159829261609502 8039.2809694947554817 14527
673000000 311.87128752238203333 13013.877325076029592 4321.7555551697305418 -2709.7333628468686584 -971.84129791633677087 8003.3302159329359711 14527
674000000 309.14266478680320915 12900.016373561897126 4251.5418516342597286 -2682.0237247711675082 -1026.7626138970558713 7960.3281903024817439 14529
675000000 312.24791541303346776 13029.593389241725163 4389.2793242729576377 -2622.2529066351821712 -987.77693310493236822 7999.3091640130724045 14533
676000000 309.92053162793899901 12932.475481055269483 4287.3588096321227567 -2712.3898083184449206 -972.01708116961708583 7971.7656991201838537 14526
677000000 304.37576339812972037 12701.101396855427083 4373.0158118237513918 -2608.4213745996421494 -1001.1310023170692602 7982.5681887404625741 14525
678000000 307.05512685042174326 12812.906839268647673 4266.6967499344746102 -2702.0122690965217771 -1100.9784759117942485 8069.6874949427910906 14524
679000000 307.37214977467777999 12826.135685945368095 4390.4902249733895587 -2642.8912838802980332 -982.80151038163683097 8016.1830192353245366 14526
680000000 308.08902816753243314 12856.049845519735754 4287.00297916890122 -2675.3052988116933193 -1035.9679490570315465 7998.2762270376260858 14529
681000000 310.72050739998354629 12965.8571579743857 4352.3152314248436596 -2701.1128494988106468 -926.22428017479978735 7979.6523610984531842 14528
682000000 311.58807115877544902 13002.05917072873126 4309.0409473857080229 -2618.7363906488949397 -1022.7188324901363785 7950.4961705247387727 14525
683000000 309.82332969408747658 12928.419403777514162 4315.5002326074800294 -2666.5442845005441086 -1027.5706616235147521 8009.6151787315393449 14523
684000000 310.35377829731442034 12950.554153996090463 4376.0813324181481221 -2638.8888458810388329 -973.04259272434774175 7988.0127710235356062 14520
685000000 305.8729732627220983 12763.577508915921499 4348.905995412732409 -2636.9757767327291731 -1075.8305394992607944 8061.7123116447219218 14523
686000000 309.09679010405659483 12898.102098290408321 4269.5057236175034632 -2668.190526713527106 -995.27819013334919873 7932.9744404643806774 14524
687000000 310.32668554026923857 12949.42361767969669 4247.6030958385290432 -2657.4060118182446786 -1028.9231247488730787 7933.9322324056465732 14522
688000000 309.17420956939167809 12901.332685602399579 4390.2415223441039416 -2680.2641504418625118 -998.24860181192821074 8068.7542745978953462 14524
689000000 312.90273767312027076 13056.918048174578871 4336.9399218014641519 -2696.0068727251518794 -968.7626413399221974 8001.7094358665381151 14522
690000000 308.6669435537088475 12880.165306740043889 4403.9432118654412989 -2675.2923734383230112 -953.41540691137277008 8032.6509922151371939 14523
691000000 310.96935802966896745 12976.241286608739756 4138.7056794112850184 -2681.6748021264802446 -1136.8229522420565445 7957.2034337798213528 14530
692000000 313.17110652777336099 13068.116640324797118 4449.4258604694878159 -2634.4298185444413321 -925.69367478009689876 8009.5493537940255919 14523
693000000 307.34186259035880084 12824.871851418052756 4326.9077908614744956 -2691.1751052621875715 -1073.8846610619045805 8091.967557185566875 14528
694000000 309.67405477541598202 12922.190406248646468 4409.3092604566645605 -2662.5636561219189389 -913.51058471958208429 7985.3835012981662658 14521
695000000 311.47921431203832299 12997.516753051599153 4271.806514101740504 -2718.2947246117741997 -972.80960471148034685 7962.910843424995619 14524
696000000 307.62926371483678167 12836.86462897304591 4345.8378619007362431 -2681.9766220886085648 -973.06497333260222149 8000.8794573219465747 14523
697000000 307.03873490195115892 12812.222830143569809 4281.4949410490025912 -2670.4406993677803257 -1016.7699641577520424 7968.7056045745339361 14519
698000000 308.61914111454717613 12878.17058935508976 4277.7483191700612224 -2693.7929205974437536 -913.13487311207927632 7884.6761128795851619 14522
699000000 309.54980678741253541 12917.005741489636421 4404.8756608917346966 -2727.4093149681780233 -1003.6933369240323373 8135.9783127839455119 14524
700000000 310.30008779032340271 12948.313737197695446 4234.7136648805098957 -2731.2723431170311414 -1011.596802340871136 7977.5828103384119458 14530
701000000 309.32670223810129073 12907.695954562892439 4280.5649356068397537 -2740.2300722996915283 -944.91623380017074396 7965.7112417067028218 14532
702000000 312.29418427067986386 13031.524112785291436 4279.7158758428840883 -2718.800161428375759 -1027.895068703321158 8026.4111059745810053 14528
703000000 307.78505976226102803 12843.365742509397023 4361.7243329353968875 -2633.0612485976193966 -1014.1892872934682828 8008.9748688264844532 14522
704000000 311.69152152134273592 13006.375984688686003 4248.4857788467452337 -2744.2863028631368252 -1010.4752669908796179 8003.2473487007628137 14524
705000000 308.47078321804832512 12871.979857657468528 4311.0855289831706614 -2652.1638429606177851 -1025.0729068979608201 7988.3222788417497213 14530
706000000 312.29786786556337574 13031.677823158279352 4258.7800876740257081 -2754.1047755381123352 -1064.4109980416305916 8077.2958612537677254 14534
707000000 311.41897933845785928 12995.003246396072427 4228.6914851983019616 -2694.7145777479017852 -1086.1257765253117213 8009.5318394715159229 14534
708000000 311.44237630421582708 12995.979563403554494 4201.1109151420660055 -2737.6201401452758546 -1071.1753420574548272 8009.9063973447955505 14539
709000000 311.78367737326794895 13010.221497243785052 4396.6031401049658598 -2599.2073733478573558 -1004.7685051236649088 8000.5790185764890339 14532
710000000 309.86285596699576672 12930.068770318539464 4409.5442559749717475 -2683.7441823545727857 -977.32829687083585668 8070.6167352003803899 14529
711000000 311.23098780141293673 12987.158667881996735 4378.7742857267803629 -2638.7637914229580929 -1017.5465298368339973 8035.0846069865710888 14537
712000000 312.49518949057210193 13039.911730940713824 4183.167106213637453 -2674.3317144605016438 -1109.1903053239911969 7966.6891259981302937 14536
713000000 306.28781306440504295 12780.888093457222567 4397.2369764198847406 -2707.8408937322410566 -1014.5855621295428364 8119.6634322816680651 14532
714000000 310.24232109109294697 12945.903227582552063 4234.977667775889131 -2729.2815145644690347 -1029.838076297287671 7994.0972586376456093 14531
715000000 308.06893910719225005 12855.211561980009719 4331.7303723757177067 -2756.4304120758342833 -940.6053719636763617 8028.7661564152285791 14528
716000000 309.83209783106440227 12928.785283752851683 4308.5971978808665881 -2721.3533838153571196 -922.5145079441690541 7952.4650896403927618 14518
717000000 310.78920923077066618 12968.723972694568147 4166.5091529631154117 -2761.9552313977533231 -1038.284085311598119 7966.7484696724659443 14532
718000000 311.16600880879468605 12984.447201092736577 4244.4907010897723012 -2738.2361163598579878 -965.53537764542420518 7948.2621950950533574 14520
719000000 310.19821579375889087 12944.062785862342935 4373.2922400636907696 -2756.6549204995499167 -950.08429843460021402 8080.031458997840673 14518
720000000 312.06429504248933426 13021.931212336534372 4404.5921156416434314 -2734.9847243932194942 -953.95621339387048465 8093.533053428733183 14524
721000000 309.98871368386005543 12935.320606422779747 4268.5961908642948401 -2781.2909372053763946 -992.8398777949455507 8042.7270058646172401 14527
722000000 309.8628323926798771 12930.067786601002808 4196.8138785829414701 -2777.2266593764416029 -1034.1776039734049846 8008.2181419327880576 14522
723000000 309.29240532056905977 12906.264800444991124 4311.4047911895122525 -2756.205546660733944 -931.83367875887847731 7999.4440166091235369 14530
724000000 312.43150607089285131 13037.254326285314164 4231.6153744892308168 -2781.6332620088123804 -993.06752672424875072 8006.3161632222909248 14522
725000000 309.37207004293020418 12909.589078650211377 4154.3502637707733811 -2741.2050372786311527 -1039.6899870137058315 7935.2452880631108201 14525
726000000 311.61928176044278871 13003.361537947488614 4263.7446825352726592 -2763.0489545440923393 -963.98808738771447224 7990.7817244670795844 14524
727000000 307.36292037607478278 12825.750558278894459 4400.5080868695367826 -2719.0802909578974322 -870.66375981145358764 7990.2521376388867793 14517
728000000 304.02079131159183589 12686.288993877487883 4347.4486236496268248 -2747.6519465997698717 -1024.2064175072578109 8119.3069877566540526 14522
729000000 311.39519985822755643 12994.010967687027005 4209.9060240408525715 -2695.4452412253203875 -1047.9441355356755139 7953.2954008018487002 14527
730000000 312.08275413376776442 13022.701479940642457 4458.5382348447628829 -2755.7341849533395362 -922.57420507106553487 8136.8466248691674991 14521
731000000 312.77773054305413325 13051.701705662368113 4224.1849730262219964 -2697.6751852509287346 -1031.3579539938464222 7953.2181122709971532 14524
732000000 311.36059551696473591 12992.566985281056986 4362.9120614851817663 -2694.7770479572818658 -950.63855725928965512 8008.3276667017526051 14523
733000000 309.22529570724844916 12903.464426348273264 4349.0483504498070033 -2736.3574720908241034 -944.64950037976041131 8030.0553229203924275 14527
734000000 309.67516926031987623 12922.236911875808801 4339.4313118938653133 -2701.7541100536809608 -1082.0537930292457531 8123.2392149767929368 14530
735000000 309.48892306998135382 12914.465163817230859 4371.54854431782951 -2756.7347717374755121 -925.96852354007887698 8054.2518395953848085 14525
736000000 310.77467828201122302 12968.117620035192886 4140.3473438247492595 -2800.2536390117847986 -994.44539853101218796 7935.0463813675460187 14523
737000000 310.80523761918243508 12969.392811054671256 4248.2814483144156839 -2782.5901140866199057 -1012.8057748869478019 8043.6773372879833914 14528
738000000 309.89585501409294466 12931.445766431836091 4234.5696938419841899 -2750.007066942779602 -981.03434226840738575 7965.6111030531719734 14527
739000000 309.79681586608495536 12927.313025220564668 4055.2051613489065858 -2744.9396894239343965 -1147.0070142985628081 7947.1518650714042451 14529
740000000 309.69606746280425114 12923.108959590130326 4342.0841861952558247 -2751.5018350140626353 -1038.9812982595910853 8132.5673194689097727 14532
741000000 310.33235168264957338 12949.660056508131674 4484.6582717912733642 -2696.3537618825539539 -892.05239563227473809 8073.0644293061031931 14529
742000000 311.53133627879878986 12999.691717238752972 4198.3406318758761699 -2755.4078198466240792 -1105.3825529547439146 8059.1310046772450733 14527
743000000 308.77360329094943836 12884.616042641388049 4256.0861199373866839 -2758.1711236281998936 -1028.1544749217127901 8042.4117184873011865 14527
744000000 306.72135916229768782 12798.979261058970224 4209.0551581394174718 -2749.7906004104165731 -966.66714378982669587 7925.5129023396602861 14528
745000000 309.97362122532302919 12934.690822881322674 4202.7957051449084247 -2761.8420513652436057 -1054.0277138443752847 8018.6654703545282246 14529
746000000 309.89576280139107212 12931.441918547026944 4151.8898914240571685 -2785.1699225332408787 -1130.2390125801464364 8067.2988265374460752 14531
747000000 309.9371166683194474 12933.167547589055175 4187.0336273266393619 -2732.5909916047930892 -1071.7008101370868189 7991.3254290685190426 14528
748000000 308.09867477964832005 12856.452382821826177 4167.5756751888520739 -2747.7754384120835311 -1025.9070393823953964 7941.2581529833314562 14521
749000000 309.36415103384115355 12909.25863138897148 4312.078210957981355 -2731.8904435434433253 -960.17436673178576712 8004.1430212332106748 14522
750000000 308.26951950815850978 12863.58145313840032 4128.4572060521641106 -2775.8612383107210917 -1138.1541530491417689 8042.4725974120265164 14523
751000000 310.38953125155035195 12952.046066137574599 4198.2650680134320282 -2771.8898040559693072 -1043.4767791425638279 8013.6316512119647086 14529
752000000 312.37597486656676438 13034.937100206074319 4210.4002880533471398 -2782.2201738286894397 -1028.0086706240690546 8020.6291325061065436 14531
753000000 307.68947187120841136 12839.377016590431595 4338.9048578274778265 -2814.5452112437460528 -927.59030120647491913 8081.0403702776993669 14524
754000000 310.31254346570187863 12948.833492102559831 4346.0407409729668871 -2764.8100232634051281 -986.5214000726816721 8097.3721643090530051 14527
755000000 313.58446289054631961 13085.365323393387371 4067.2761692568424223 -2808.1510573763921457 -1130.4662813256143181 8005.8935079588491135 14532
756000000 305.62720061480877121 12753.321819412687546 4318.3188973442538554 -2841.679654987853155 -1030.5383561276744331 8190.536908459782353 14533
757000000 307.64089099039614439 12837.349816112126064 4288.3036276944148995 -2753.0068930205507058 -882.07487883271801365 7923.3853995476829368 14526
758000000 308.70946495709119972 12881.939655163409043 4284.4821744305781976 -2770.8428827649158848 -990.24840057281812733 8045.5734577683115276 14518
759000000 317.60035446714147156 13252.941892380567879 4238.6582913967440618 -2820.2360091636792276 -984.33108918683478805 8043.2253897472583049 14522
760000000 313.14587766143597491 13067.06388111065462 4271.4409083315476892 -2770.6220123314601551 -1008.4062400715226886 8050.469160734529396 14526
761000000 312.28473541127624458 13031.129827379547351 4140.8534452275562217 -2755.2687898026060793 -1072.0602907223355942 7968.1825257524978952 14526
762000000 308.72786691596024866 12882.70753872577734 4164.930363765992297 -2815.4108144300539607 -1040.9141881240166185 8021.2553663200624214 14527
763000000 310.83321303328239082 12970.560179202304425 4208.2309980674108374 -2810.8251688830569037 -1025.9749093929024184 8045.0310763433717511 14524
764000000 309.50206384588153696 12915.013506843226423 4412.0135756083263914 -2723.1695019253734245 -996.69947669693033276 8131.882554230630376 14530
765000000 304.39239717206606883 12701.795496960570745 4224.3343266819601922 -2849.613646625803085 -995.91354937572759809 8069.8615226834899659 14531
766000000 310.10044701845373538 12939.983055220409369 4254.8083200942146505 -2786.8482201882516165 -1064.3384978461331229 8105.9950381285998446 14533
767000000 309.30460503551341844 12906.773874540744146 4317.5545083649576554 -2722.899563512912664 -981.21568155643274167 8021.6697534343029474 14532
768000000 309.84492467182917608 12929.320526780535147 4324.0119527189435757 -2724.3211612966811117 -942.0723479761861654 7990.4054619918106255 14530
769000000 312.88896149760682874 13056.343190964846144 4283.0582322363379717 -2729.7084482191494317 -1020.4400226975726582 8033.2067031530596068 14525
770000000 307.98682133704505759 12851.784922113947687 4316.1569373197435198 -2769.9778151755267572 -972.05791876384193984 8058.1926712591121031 14523
771000000 311.37641313589222136 12993.227028576264274 4344.1532134816243342 -2774.33830566116103 -993.45745010650239237 8111.948969249287984 14523
772000000 312.21686197661705364 13028.29758027112257 4215.2610095865065887 -2815.0873398129506313 -1043.1772364607991221 8073.5255858602549779 14531
773000000 308.44552630994758147 12870.925928306533024 4154.7653723147741402 -2818.0392384786337061 -1100.4959065684647612 8073.3005173618730623 14537
774000000 312.5310505815060651 13041.408155449251353 4111.0266976800421617 -2813.3436384489227748 -1064.9534763410667892 7989.3238124700310436 14532
775000000 312.18750012995138832 13027.072358566423645 4236.807932869563956 -2813.6484063211023567 -1036.8493221689350321 8087.3056613596017996 14526
776000000 307.89674603360327865 12848.0262274347333 4195.1214043091003987 -2852.5545976001822055 -979.19282086270959553 8026.8688227719921997 14528
777000000 308.699050403804506 12881.505072935769931 4104.6105142088517823 -2814.1045917090668809 -1082.1770252859760149 8000.892131203894678 14539
778000000 308.7843884368221552 12885.066089089830712 4061.4386413188267397 -2764.5781265752643776 -1092.5775111608081716 7918.5942790548988341 14536
779000000 310.03498712347357014 12937.251521164318547 4346.1825641302430085 -2787.8551249422089313 -920.09538352537720129 8054.1330725978286864 14528
780000000 309.41435421062033129 12911.353527617231521 4358.8414153786634415 -2689.4056143849984437 -994.12158552792493538 8042.368615291587048 14519
781000000 313.64437067391406799 13087.865176937964861 4478.4525260718255595 -2724.7527897034651687 -822.11917213182289288 8025.3244879071135074 14520
782000000 312.8469937594725252 13054.591946084210576 4176.2401036165738333 -2742.1193677787468914 -1088.8364520757259015 8007.1959234710466262 14531
783000000 310.80152821264232443 12969.238023603587862 4387.0356319345628435 -2732.1004533743944194 -902.05261817784776213 8021.188703486805025 14522
784000000 312.14954108376019803 13025.488389825877675 4242.1035485081692968 -2758.4999166389993661 -1008.1028058396328788 8008.7062709868014281 14526
785000000 312.19822805680610145 13027.520017359091071 4356.1977732193745396 -2738.8839181442926929 -924.91133222367830058 8019.9930235873453057 14528
786000000 307.18282068906705717 12818.235293723368159 4166.92176023967113 -2799.5768351172428083 -1019.898115229924997 7986.396710586838708 14526
787000000 309.87189502921842177 12930.445955560035145 4108.3858701999688492 -2764.5273947413616042 -1119.4698661907091264 7992.3831311320382156 14529
788000000 305.81894016376850232 12761.322796316815584 4193.3166236277902499 -2751.0320633023447954 -1004.997772433096884 7949.3464593632306787 14526
789000000 310.51542398078669294 12957.299363250676834 4203.5007328598585445 -2715.3703368777214564 -1078.3446524755609062 7997.2157222131409071 14528
790000000 307.60214519857760251 12835.733017766900957 4292.9892609517100937 -2702.8220633708774585 -1078.013559793380864 8073.8248841159675067 14525
791000000 311.95517959511983008 13017.378003679146786 4202.2737055418165255 -2718.1083465642695955 -1097.8669423450435261 8018.2489944511298745 14526
792000000 310.54827536521406728 12958.670197642946732 4403.5342089511077575 -2684.2500024735586521 -937.69005058474704128 8025.4742620094129961 14527
793000000 306.968839557280603 12809.306212046523797 4435.5294942567234102 -2660.7965140528494885 -933.99131777806940136 8030.317326087641959 14525
794000000 307.47179160905574236 12830.293576270385529 4350.0833554746996015 -2721.4928574501600451 -952.26267070647804758 8023.838883631337012 14522
795000000 309.25652823104076106 12904.767708341350954 4398.5397562786656636 -2739.6176746379701399 -921.83924657485647458 8059.996677491491937 14523
796000000 305.8549070404504846 12762.823635091119286 4394.2944428080836587 -2685.4408964843105423 -935.12836347587426644 8014.8637027682680127 14525
797000000 313.16878949303338686 13068.019954265289925 4257.1800146296754974 -2714.7678309578950575 -1001.3628631575595591 7973.3107087451298867 14521
798000000 309.02769879802167452 12895.219031406917566 4220.3337162562493177 -2707.2134573097773682 -948.24408699827540659 7875.7912605643014103 14516
799000000 308.78807099736388864 12885.219756301432426 4411.4920340584831138 -2674.8603864323758899 -944.26025614609352488 8030.612676636951619 14516
800000000 312.6464999895957817 13046.225669899102286 4289.006872032571664 -2734.7314142264622205 -999.14913558592036225 8022.8874218449536784 14524
