# Steps Temp KinEng PotEng Epair Ebond Eangle Bonds
1000000 310.42615227349324414 12953.574201320745487 4173.1303445086541615 -2757.7304991685705318 -988.82925757248506216 7919.690101249709187 14531
2000000 312.90279795073286095 13056.920563460489575 4298.9647986375020992 -2731.7166805014876445 -970.55778575319686752 8001.2392648921859291 14535
3000000 313.73399943152639935 13091.605237992102047 4122.2455034560871354 -2750.1238740928229163 -1112.069642470472445 7984.4390200193829514 14536
4000000 315.04254089826520158 13146.208527247101301 4129.0925823702054913 -2713.0727722029469078 -1115.2521923858723767 7957.4175469590254579 14532
5000000 309.93961517260942173 12933.271806075254062 4445.6943367399599083 -2703.5262797804134607 -921.01483234879742668 8070.2354488691707957 14527
6000000 310.92135720601390858 12974.238290964247426 4147.6109659522671791 -2784.2994597293445622 -1009.5716154080589604 7941.4820410896709291 14529
7000000 311.22068365644099686 12986.728692812250301 4236.2212672257364829 -2805.4825512464067288 -994.62431250070437727 8036.3281309728481574 14530
8000000 309.82149809943064156 12928.342974336501356 4147.0396825220941537 -2748.1468863264599349 -1021.7978354107364112 7916.9844042592903861 14536
9000000 311.42906747217591601 12995.424207670477699 4216.0889247515615352 -2770.35785905820876 -932.02698326739300683 7918.4737670771628473 14527
10000000 303.30174478842434382 12656.284361781137704 4163.0938593931377909 -2831.6139000364860294 -1001.0811943318998374 7995.7889537615228619 14532
11000000 309.29258231952485403 12906.272186321119079 4084.4368556152940073 -2791.674237067645663 -1129.0960247129764866 8005.2071173959166117 14536
12000000 307.74074587634248701 12841.516596729665252 4302.2825391146525362 -2786.1800687090026258 -1038.9310223617198972 8127.393630185375514 14535
13000000 308.88579136868708019 12889.297467124584728 4076.38271402747705 -2821.9134909605363646 -1054.2759978331430375 7952.5722028211566794 14536
14000000 313.34211614174381566 13075.252591041196865 4160.0928910327829726 -2781.2285457506709463 -1016.9180721649046291 7958.239508948358889 14534
15000000 311.07052517676623893 12980.462825731854537 4098.4452264996034501 -2824.0384940854437446 -1010.669470910895825 7933.1531914959441565 14529
16000000 305.19140320840961067 12735.136708399357303 4291.1060621554379395 -2744.0565096974096377 -943.59993686706718563 7978.7625087199148766 14531
17000000 309.69201007871441789 12922.93965160661719 4345.3452663899906838 -2696.5034581332729431 -910.89703523401192342 7952.745759757275664 14532
18000000 310.03521295298435234 12937.260944659417873 4196.8744704740329325 -2749.6094838618537324 -1025.8002425391430279 7972.2841968750290107 14529
19000000 312.46710327390701423 13038.739739183765778 4410.8026540364799075 -2656.992427509972913 -1009.140475351486316 8076.9355568979390227 14535
20000000 308.27962712833647174 12864.003227550816518 4390.6035092327474558 -2643.9954287165132882 -961.70873651890644851 7996.3076744681675336 14523
21000000 309.10283925790611192 12898.354519559270557 4413.4002976910614962 -2621.6820125401072801 -931.7028414216335932 7966.7851516528007778 14527
22000000 309.00267170559112628 12894.174691886975779 4210.0645587758190231 -2666.0601350537399412 -1078.9399180530467675 7955.0646118826061866 14531
23000000 311.16060100027925728 12984.221542112789393 4430.1288015474374333 -2606.8051154198046788 -924.13935299062109152 7961.0732699578638858 14530
24000000 310.1138449134452344 12940.542127404381972 4311.2984752630236471 -2620.662106325282366 -1045.2358194677949541 7977.196401056101422 14529
25000000 314.97770250213170584 13143.502927318555521 4290.8420624560785654 -2679.5343502014175101 -1001.8041941619599129 7972.1806068194564432 14530
26000000 310.23295142669587676 12945.512246854543264 4185.7972557169869106 -2716.9774079474559585 -1080.600518298874249 7983.3751819633162086 14531
27000000 311.22377504963031924 12986.857691579814855 4318.2005396012664278 -2635.6210576192415829 -981.16060852284317662 7934.9822057433502778 14527
28000000 310.48827837519468176 12956.166621651103924 4343.070826306771778 -2644.3202952375809218 -1033.2967742160269609 8020.6878957603785238 14522
29000000 308.3654368987736234 12867.583928533693324 4389.6222710036254284 -2641.176692079257009 -997.38469661200599603 8028.1836596948887745 14526
30000000 309.46419146087907848 12913.433154331953119 4307.2028359000705677 -2623.5233169657312828 -1018.7816588732174523 7949.5078117390185071 14521
31000000 309.34049634649210248 12908.271560082184806 4289.5037733303252026 -2690.5482201978816192 -967.96729566665885613 7948.0192891948654506 14524
32000000 313.94202709222577141 13100.285891084829927 4315.6884682420195531 -2684.3024270875293951 -1048.2309678731517124 8048.2218632027015701 14518
33000000 309.6538257570085193 12921.346282488320867 4365.8047004648851726 -2712.510210486942924 -962.49359874869196574 8040.8085097005205171 14518
34000000 313.54549986097009651 13083.739460072827569 4395.264353268303239 -2664.4478755683253439 -947.3095720792158545 8007.0218009158434143 14519
35000000 311.39644623571098236 12994.062976975214042 4224.1822832187344829 -2621.9055428064798434 -958.90271993198371092 7804.9905459571982647 14522
36000000 306.96617908794240748 12809.195195024503846 4368.5833072039877152 -2597.5782587914331998 -920.24538926106356485 7886.406955256485162 14518
37000000 311.60588463245505864 13002.802497769323963 4325.2579939982570068 -2616.6156379184876641 -961.81542297700889321 7903.6890548937535641 14519
38000000 310.99164184815532508 12977.171153806260918 4442.9119412748332252 -2624.8029063017943372 -911.18067061962199205 7978.8955181962492134 14522
39000000 313.29404270679185629 13073.246565446375826 4302.6936991563798074 -2632.2763128253955074 -1027.1949574776203917 7962.1649694593943423 14522
40000000 309.75562185791068259 12925.59406682215922 4441.6997764696607192 -2607.7823135351673045 -967.40912592427139316 8016.8912159290994168 14519
41000000 313.09860434276077967 13065.091243055783707 4572.4078876332187065 -2626.2071751648272766 -872.65254334616372489 8071.2676061442089122 14512
42000000 310.22255315905044881 12945.078344200002903 4421.4421100009567454 -2571.7519026463287446 -963.38370719288650434 7956.5777198401719943 14520
43000000 306.7192824510364062 12798.892603304071599 4590.5787727671176981 -2598.8313671221808363 -891.22389796666493567 8080.6340378559634701 14523
44000000 308.10419662304252597 12856.682800290236628 4314.9006836713278972 -2576.1016400385269662 -1074.9048867065466766 7965.90721041640154 14525
45000000 309.59992849303893081 12919.097238060314339 4465.3711053625283967 -2614.4269626829727713 -1000.0168690919758774 8079.8149371374775001 14524
46000000 307.60191483303651694 12835.723404990696508 4374.1055643988602242 -2670.1427047687402592 -944.90794200917673606 7989.1562111767780152 14511
47000000 305.0702256384215616 12730.080167148305918 4595.170733831771031 -2583.7915675569092855 -938.20462546776548152 8117.1669268564464801 14518
48000000 304.45763350768726241 12704.517702251274386 4217.4247839202926116 -2596.4532667365219822 -1085.8670950665391501 7899.7451457233528345 14515
49000000 309.46563070343160007 12913.493211563154546 4148.2333704809334449 -2590.6857182828252917 -1055.2212595333551235 7794.1403482971145422 14522
50000000 310.71014652134954304 12965.424815501970443 4435.4544258851101404 -2583.924185515906629 -896.27866442513175116 7915.6572758261481795 14523
51000000 312.26681596795589257 13030.38207839964889 4553.2906039170266013 -2592.1498892298359351 -938.25871545257462003 8083.6992085994379522 14522
52000000 313.95902174831940101 13100.995050210511181 4414.1882342520439124 -2627.9695019907535425 -1021.4268325534127371 8063.5845687962109878 14526
53000000 308.54143458794112576 12874.928023447073429 4288.4882141970620069 -2537.2641897368289392 -1145.4642052926151337 7971.2166092265069892 14528
54000000 309.7401882619404887 12924.950048175118354 4385.4794910116643223 -2535.9531520350064966 -1032.586262974591591 7954.0189060212624099 14527
55000000 306.66003706911658355 12796.420390685503662 4282.2729180721562443 -2613.9372004804135941 -1066.1628948494462747 7962.3730134020161131 14528
56000000 313.02403813624675877 13061.979717554737363 4300.115830209437263 -2608.6337156512063302 -1078.6536549285231104 7987.4032007891673857 14524
57000000 310.87705516314900933 12972.389639375720435 4351.2576023411229471 -2640.7944551009718452 -989.07830462622678169 7981.1303620683211193 14521
58000000 309.15945774831448034 12900.71711630345817 4345.8067755915262751 -2686.8852157903293119 -942.87779231220747533 7975.569783694063517 14521
59000000 310.01153603528888425 12936.272945716737013 4469.0936716067635643 -2687.9935006759787939 -937.49737644160438776 8094.5845487243477692 14521
60000000 306.96763766390392902 12809.256059007153453 4485.3222952619316857 -2661.4478310473205056 -857.40828450635763147 8004.1784108156098227 14516
61000000 314.19812587065916887 13110.972473078674739 4312.8064454705590833 -2671.4381442707308452 -977.35708103687807125 7961.6016707781682271 14519
62000000 308.69152199999507502 12881.190924992211876 4469.9483910827784712 -2691.7848315442511193 -935.79205347903427992 8097.5252761060637567 14518
63000000 313.73989462264671602 13091.851234648791433 4411.4897258521850745 -2633.0397159718472722 -946.23996597931125052 7990.7694078033437108 14507
64000000 304.08408899693478133 12688.93030247167917 4554.2171619978998933 -2560.1548788807617711 -940.70718065359346838 8055.0792215322544507 14508
65000000 306.99139094232612024 12810.247244357720774 4522.7088025716157063 -2626.3582660572083114 -949.46765981817600277 8098.5347284469999067 14513
66000000 307.50380754195322197 12831.629548640545181 4436.4811608126119609 -2653.363881428600962 -1007.3304813944404259 8097.1755236356530077 14521
67000000 311.24015833567534628 12987.541339236082422 4340.3305000114551149 -2635.8515908027520709 -976.76454983796861598 7952.9466406521751196 14522
68000000 312.13324823916002515 13024.808516142771623 4346.4360678818702581 -2647.0208100296649718 -940.9655502011369208 7934.422428112671696 14522
69000000 311.61832769086498729 13003.32172618878576 4471.3540704715924221 -2627.7930840409276243 -915.27206648794890498 8014.4192210004694061 14523
70000000 305.92310915977890318 12765.669597671712836 4468.3837302332822219 -2637.2567450028054736 -969.17741285450790656 8074.817888090595261 14522
71000000 312.22041614994407155 13028.445890094822971 4504.4983629595571983 -2636.3388870272124223 -957.57716437895862782 8098.4144143657285895 14520
72000000 308.16433373114347205 12859.192223179812572 4418.9963821297651521 -2648.0180614632527067 -932.70754674202066781 7999.7219903350378445 14523
73000000 307.34723360222102428 12825.095974934012702 4294.0012647762323468 -2666.543309422366292 -1047.3844093613497535 8007.9289835599483922 14520
74000000 311.34545173907412163 12991.935060267143854 4444.4126352958155621 -2690.3572861772881879 -943.26430052485352462 8078.0342219979584115 14523
75000000 312.16603213764250313 13026.176534457243179 4285.2592714552229154 -2644.8885087336643664 -1029.4610575284800689 7959.6088377173673507 14522
76000000 310.1808172689589469 12943.336773957937112 4297.9037189932487308 -2621.8851801297214479 -991.12955337928462995 7910.918452502254695 14519
77000000 309.35308254236718994 12908.796761393306952 4417.5169552303777891 -2599.8058342103381619 -896.40508612648068265 7913.7278755671959516 14523
78000000 310.82643691739849601 12970.277423000045019 4319.8928152149983362 -2626.4993503354021414 -1042.0695055033525023 7988.4616710537538893 14531
79000000 309.6179046385550464 12919.847353129844123 4474.8871376303613943 -2705.4444423532913788 -960.20171974323636732 8140.5332997268897088 14521
80000000 312.37024432195840973 13034.697973978290975 4419.4256004395319906 -2669.4673093084829816 -955.593942226719264 8044.4868519747342361 14520
81000000 310.35195667312598289 12950.478140606370289 4421.9580976963061403 -2623.8887545795896585 -991.33179101890925722 8037.178643294804715 14520
82000000 309.68236556392952252 12922.537201822709903 4301.1027249073404164 -2680.5472450314564412 -1009.5134692282587139 7991.1634391670550031 14517
83000000 314.94906875227377441 13142.308087899486054 4391.6466271057952326 -2714.9560716336122823 -1009.9813203457756572 8116.5840190851831721 14524
84000000 310.93177734388643785 12974.673106227493918 4349.4860924340136989 -2629.6448973174974526 -983.40188580426729459 7962.5328755557784461 14525
85000000 314.62134279547490223 13128.6326212289041 4341.7530366977698577 -2673.4461255622099998 -938.0187858909695251 7953.2179481509492689 14523
86000000 309.60760691235628883 12919.417645904974052 4235.9224775261827745 -2701.6579297160260467 -1011.3667398205109293 7948.9471470627213421 14520
87000000 309.30616693928772065 12906.839050223552476 4405.6742478569576633 -2670.3526217028634164 -896.64572994695254238 7972.6725995067736221 14520
88000000 309.69930182752801784 12923.243924325339322 4487.0473841661705592 -2635.7273591700286488 -999.25044548336120442 8122.025188819559844 14520
89000000 305.11232174178576315 12731.836768499451864 4429.8067919926288596 -2692.7542622777859833 -878.47004012359536773 8001.0310943940094148 14522
90000000 311.41495616741855201 12994.83536606704547 4298.685204113969121 -2707.7344679159541556 -935.65935086780405072 7942.0790228977275547 14522
91000000 309.01698531118933033 12894.771975172701787 4402.1087205263520445 -2639.0801027063666879 -966.33084823951048747 8007.5196714722296747 14523
92000000 309.10754135598500625 12898.550730400145767 4457.8708782309649905 -2675.0572681327876126 -977.39689511836218117 8110.3250414821150116 14521
93000000 307.70183693605582675 12839.892990466447372 4245.1800078535561624 -2640.1143697190618695 -1053.4052857177980513 7938.6996632904156286 14518
94000000 311.74342908150862286 13008.542002040296211 4362.2293129976596902 -2636.0536461476604018 -1023.0272852493162645 8021.3102443946372659 14526
95000000 313.06923062998953355 13063.865526197960207 4278.9250562060378797 -2650.1323680534806044 -1005.0043918872892164 7934.0618161468073595 14524
96000000 310.95856495863546343 12975.790909456334703 4522.8908150345750983 -2694.4129461228112632 -869.83169766324749617 8087.135458820634085 14522
97000000 310.21471221505044014 12944.751154466892331 4534.2168485920810781 -2637.0851276283210609 -889.35277831286543915 8060.654754533266896 14513
98000000 314.32849957035091393 13116.412753739596155 4360.9689010041638539 -2687.3611208185493524 -950.60265227055833748 7998.9326740932701796 14515
99000000 309.69978045929627797 12923.263896844018745 4458.20405783086062 -2709.6669436102029067 -959.58287762306281365 8127.4538790641272499 14523
100000000 313.15296678975556688 13067.359698808480971 4442.4110798023803 -2667.7664532679314107 -897.63758453488367195 8007.8151176051942457 14521
101000000 311.63243171976210988 13003.910264182502942 4406.1475630213080876 -2696.9598695802787915 -990.79158836922238152 8093.8990209708099428 14525
102000000 310.17145503201822976 12942.946103165499153 4494.0146902960304942 -2646.8521193075512201 -955.65084334085008777 8096.5176529444306652 14521
103000000 312.57825533692277986 13043.377932471797976 4329.8623575754581907 -2696.4889521051409247 -957.64939241656725244 7984.0007020971670499 14518
104000000 310.05728492808890451 12938.181971980064191 4372.4099126638284361 -2664.7080236336591952 -942.69122626100181606 7979.8091625584893336 14515
105000000 307.87894453045043974 12847.283399904588805 4494.5506129777086244 -2601.2141869088877684 -975.86303763675061873 8071.6278375233478073 14516
106000000 311.70443583924037512 13006.914877993651317 4329.1638950164260677 -2709.1033340317490001 -934.50714156816422928 7972.7743706163391835 14511
107000000 309.99987798038131359 12935.786474205937338 4356.85574533612089 -2713.7198736585905863 -867.2506123165636609 7937.8262313112736592 14509
108000000 313.0335265690854385 13062.375654295021377 4595.8384772279514436 -2663.148567807769723 -886.75706870293879547 8145.7441137386595074 14513
109000000 309.4772493719809745 12913.978039545823776 4411.3396213467267444 -2679.5598431959506343 -980.40823826695748267 8071.3077028096358845 14520
110000000 309.29188372010594321 12906.243034913148222 4285.6976673440440209 -2672.1592865038214768 -1090.606109499318336 8048.4630633471842884 14522
111000000 310.10113041856658356 12940.011572386267289 4450.4485479950944864 -2630.6116853234898372 -983.61239831047555526 8064.672631629060561 14517
112000000 309.29413297460956755 12906.336892614559474 4441.8157462143144585 -2632.0689336304076278 -948.55619766290431016 8022.4408775076262827 14509
113000000 305.87591441049460173 12763.700238188661388 4516.2163555068909773 -2621.4389308586492007 -906.95760810275464792 8044.6128944682941437 14511
114000000 307.61945391856602328 12836.455282263812478 4463.7651122311099243 -2599.6398042181599521 -893.81542553695703646 7957.2203419862262308 14504
115000000 313.42300294869869504 13078.627864832158593 4440.4466373063405626 -2648.8898802011117368 -965.05469894811642462 8054.3912164555686104 14510
116000000 311.11515347382572827 12982.325091372827956 4587.2158195339197846 -2601.2674141591405714 -905.30739571027697821 8093.7906294033364247 14506
117000000 310.81384587482938286 12969.752019444331381 4396.9639558362214302 -2647.4983378735601036 -942.89540688885983855 7987.3577005986408039 14517
118000000 307.25295302405339726 12821.161801037600526 4495.2812551705646911 -2607.3448302756532939 -953.13993510086334027 8055.7660205470820074 14518
119000000 308.60091536137201729 12877.410058567331362 4656.0014572691979993 -2613.5683810749883378 -814.62180210663495927 8084.191640450821069 14510
120000000 310.78167761340154129 12968.409690654436417 4558.340454101740761 -2689.4193979395658971 -928.5268270439268008 8176.2866790852340273 14509
121000000 307.6999185104362482 12839.812937711771156 4458.8463477691784647 -2676.5005444764874483 -829.95152306775048601 7965.2984153134166263 14513
122000000 311.656738018470719 13004.924526162609254 4424.2421594602110417 -2631.7428888590911811 -916.18818259591569131 7972.1732309152175731 14516
123000000 308.40403132186503399 12869.194410510195667 4399.9552500823892842 -2606.860017221347789 -892.47985790405220996 7899.2951252077891695 14510
124000000 311.00093573473992592 12977.558972450438887 4554.0793111188195326 -2601.9407131210264197 -889.27882781590960803 8045.2988520557555603 14511
125000000 307.23270628997426002 12820.316938031350219 4476.3049806323133453 -2702.4962584460022299 -886.81303269597697181 8065.6142717742914101 14506
126000000 309.17726103260497439 12901.460018157555169 4380.7972833793191967 -2650.7663329664542289 -909.17328079141941544 7940.7368971371934094 14503
127000000 307.79911108532786557 12843.952081175259082 4497.6036560710936101 -2616.9256301269219875 -908.81070227267707651 8023.3399884706932426 14507
128000000 310.16548179313519995 12942.696849703679618 4507.6427981544120485 -2635.7901212090591798 -865.18019532182165676 8008.6131146852931124 14514
129000000 308.76457040098955531 12884.239114958294522 4342.2112309735584859 -2690.628711327020028 -979.82988903077887244 8012.6698313313572726 14512
130000000 311.32497285331379544 12991.080509951991189 4256.0024238845035143 -2676.7971783253724425 -1047.6422977984157114 7980.4419000082916682 14520
131000000 310.4680709847876301 12955.323400391760515 4333.8549733034933524 -2722.7604042145303538 -988.06200509179006986 8044.6773826098142308 14521
132000000 311.19663378967612744 12985.725131316579791 4435.7586286282366927 -2766.8497663940779603 -912.74998907635097112 8115.3583840986657378 14519
133000000 309.14925251472340051 12900.29126864340833 4254.5994771589848824 -2753.2956526826965273 -1044.956436795980153 8052.8515666376606532 14522
134000000 311.50285391877764596 12998.503195069275534 4462.0118378696615764 -2662.8201706062509402 -957.64101240640877677 8082.4730208823211797 14520
135000000 307.05767454563959973 12813.013150411588867 4189.3271853594042113 -2698.9272025567970559 -1059.4381229252801404 7947.692510841481635 14525
136000000 310.48382257391170924 12955.980688371570068 4348.5357203125140586 -2663.7158892212455612 -960.11342487784440891 7972.3650344116040287 14521
137000000 309.55006274832726376 12917.016422318803961 4429.8567912900762167 -2703.0487860433822789 -901.56188171254348163 8034.4674590460026593 14514
138000000 310.22098365301394551 12945.012851287261583 4413.8159906857863461 -2621.267142510555459 -954.07113677496238324 7989.1542699713045295 14511
139000000 311.51454393112612706 12998.991000111669564 4370.3114705631005563 -2682.1135615609391607 -1013.9114608800842916 8066.3364930041252592 14517
140000000 311.72819855723224691 13007.906457241979297 4311.52923374353486 -2670.2131871855754071 -962.13432067965732131 7943.8767416087684978 14522
141000000 309.69444452526892064 12923.041237068577175 4295.4074445558762818 -2733.4734832651884062 -916.51724401914998452 7945.3981718402137631 14518
142000000 308.01965884093641534 12853.15517729421299 4387.6490396873396094 -2692.3545498305957153 -940.66784422617104156 8020.6714337441071621 14526
143000000 312.01013460844040992 13019.671186252744519 4440.1629153963876888 -2662.5771487027745934 -957.38175933160323439 8060.1218234307652892 14518
144000000 311.11712189245906757 12982.407230253973466 4300.9109410504870539 -2688.7303944622194649 -996.26047438345460705 7985.9018098961614669 14521
145000000 309.74110083649787839 12924.988128414675884 4409.0417288051548894 -2655.624300331152881 -987.53450559363113825 8052.2005347299382265 14518
146000000 308.32371989059907946 12865.843146203053038 4579.634643009580941 -2654.9158077053666602 -872.2017021067274527 8106.7521528216748266 14510
147000000 309.48878201110602504 12914.459277661715532 4503.5904294376068719 -2676.8665248525185234 -839.1888070426593913 8019.6457613327847866 14506
148000000 311.69339152987237185 13006.454017077607205 4393.0131489286168289 -2680.4776436808028848 -907.2947118567593634 7980.7855044661801003 14516
149000000 311.01838224857834803 12978.286986858713135 4412.5899566139387389 -2644.2946437177806729 -991.02055401143343261 8047.9051543431523896 14522
150000000 313.75980508401170255 13092.682065546203376 4331.6505783275961221 -2614.188741212835339 -1050.7777145396280503 7996.6170340800581471 14527
151000000 308.34993068195899468 12866.936879537919594 4509.6998149614464637 -2636.3615346358055831 -939.65757801893710166 8085.7189276161898306 14526
152000000 310.14271978291463938 12941.747028349376706 4548.1256089182643336 -2626.0256738100088114 -902.21506444656608892 8076.3663471748386655 14521
153000000 311.23714716025517646 12987.415687824457564 4384.6848467741237982 -2649.8591670883633924 -970.78824813569644903 8005.3322619981827302 14521
154000000 312.6823815879708377 13047.722950149522148 4375.5684154217960895 -2672.4689789777908118 -985.91966696932422565 8033.9570613689102174 14527
155000000 306.7385120796790261 12799.695024168620876 4411.6540976026135468 -2701.9956754590143646 -950.46723678485170694 8064.1170098464799594 14526
156000000 308.66227628958489504 12879.970549462979761 4268.5066741888140314 -2651.8833939257156089 -1001.9251573262107513 7922.3152254407395958 14520
157000000 310.95686906794441029 12975.720142719244905 4381.9182447199273156 -2673.8185424550047173 -977.02723545263791038 8032.7640226275707391 14523
158000000 312.72672549759050753 13049.573348769059521 4405.3093810819336795 -2707.1516876085179319 -964.40202089511660688 8076.8630895855676499 14519
159000000 310.74481124060622506 12966.871317382596317 4359.4702342711534584 -2753.6284889203870989 -1018.164210359622075 8131.2629335511628597 14521
160000000 313.95614580093325685 13100.875041642957513 4396.6231760177497563 -2685.9282299763826813 -888.52171371376130082 7971.0731197078930563 14517
161000000 311.12443636980054862 12982.712451396886536 4276.2200001118399086 -2738.7223537200875398 -996.9579738571951566 8011.9003276891216956 14518
162000000 310.67949517007667737 12964.145784884942259 4345.1536972972244257 -2695.9550756324110807 -1001.0787508972498472 8042.1875238268858084 14521
163000000 309.03561322603741246 12895.549287507481495 4372.4493939331796355 -2722.9340247437057769 -949.66119727376008086 8045.0446159506445838 14526
164000000 311.03805574370852582 12979.107929543799401 4289.0909443745549652 -2688.3406382278290039 -960.36990910793031162 7937.8014917103128028 14518
165000000 304.88762899569331921 12722.460708725844597 4464.3397195909628863 -2760.3236952981524155 -848.34149978174548323 8073.0049146708606713 14518
166000000 310.6008805636240595 12960.865326294280749 4235.8943742825158552 -2732.2278273268238991 -1040.0491339669092667 8008.1713355762494757 14522
167000000 310.38985214435791704 12952.059456468135977 4435.3732296729303926 -2720.5771500547198229 -909.72743631386811103 8065.6778160415178718 14521
168000000 308.79170093471560676 12885.371227633622766 4350.6860866428396548 -2643.6751271438220101 -961.76062904905211326 7956.1218428357151424 14529
169000000 310.13931941750877286 12941.605136677964765 4315.8673178565813942 -2735.9680980745051784 -942.97855027064269962 7994.8139662017292721 14520
170000000 311.63500240749129944 13004.017534765231176 4432.4615126521866841 -2723.541092429418768 -953.99333502691115427 8109.9959401085161517 14523
171000000 309.62533026825980187 12920.157212478574365 4357.330693765248725 -2739.8890264176134224 -997.70451546848744329 8094.9242356513495906 14509
172000000 309.53977144007512834 12916.586982904320394 4394.2331486714019775 -2738.0652960250554315 -985.72038744143583244 8118.0188321378936962 14518
173000000 314.57774041583621738 13126.813165439283694 4439.9054537335177884 -2704.441893956009153 -898.51428280812149296 8042.861630497648548 14515
174000000 313.98742883532247561 13102.180431360400689 4604.9657836495516676 -2672.9267280963381381 -893.49183586869730789 8171.3843476145884779 14519
175000000 309.49005699960287075 12914.51248084056715 4493.8274069902563497 -2695.9069787449184332 -978.21753367620146946 8167.951919411376366 14519
176000000 308.42610210097609524 12870.115387923993694 4320.1187670348372194 -2654.1441997518004428 -1046.9456833658166488 8021.2086501524536288 14521
177000000 313.74800133457176798 13092.189514441522988 4367.006776271857234 -2668.6512346843619525 -960.94533831528281098 7996.6033492715023385 14525
178000000 310.86246022429753566 12971.780616514754001 4274.838182553759907 -2666.7568027692723263 -1075.913088270772505 8017.5080735938054204 14526
179000000 312.9697656811195543 13059.715017015079866 4331.5756763240051441 -2652.9645359291798741 -1011.836218704435737 7996.3764309576217784 14528
180000000 309.72460272541979975 12924.299689298106387 4393.2520921454088239 -2649.3180377981407219 -881.73053031947529234 7924.3006602630248381 14521
181000000 310.63652488054441392 12962.352705178764154 4425.1874708217892476 -2693.0594401314106108 -998.21776942329483973 8116.4646803764944707 14527
182000000 307.48528523649696353 12830.856643212475319 4524.2067098394145432 -2693.1992750456520298 -922.71991012367686835 8140.1258950087421908 14525
183000000 306.56022426025424465 12792.255365875669668 4429.3963428470997314 -2687.8686335097763731 -920.22588009567084555 8037.4908564525467227 14520
184000000 309.9588200736016006 12934.073195095505071 4301.7619099186758831 -2685.168486400382335 -1036.5450267764044838 8023.4754230954640661 14524
185000000 310.85703420002414532 12971.554197421102799 4532.7615633301347771 -2593.5775285946665463 -882.33259254557083295 8008.6716844703714742 14518
186000000 310.17542772211288593 12943.11187700750088 4477.3065245208181295 -2602.8255483176640155 -992.75492865152682498 8072.8870014900076058 14519
187000000 307.92707612486015023 12849.291852398193441 4408.7202768081151589 -2644.8446289200173851 -1040.7669078980136419 8094.331813626146868 14521
188000000 312.59731507388721639 13044.173264035258399 4366.7556681760479478 -2715.0021411159686977 -938.89977980893172571 8020.6575891009488259 14518
189000000 309.41328120020114056 12911.308752652294061 4453.1504476497630094 -2646.4299298065088806 -958.2084706839386854 8057.7888481402105754 14516
190000000 314.17114390151061798 13109.846559759504089 4456.170211246969302 -2603.0412042405769171 -988.05209791732090707 8047.2635134048668988 14517
191000000 311.41603454795199468 12994.880365118042391 4508.6623863974955384 -2595.6398271454995665 -927.27166129019565233 8031.5738748331905299 14519
192000000 310.19540168202178165 12943.945357595006499 4374.7237489397894024 -2642.7320870974126592 -966.12506169327923544 7983.5808977304814107 14522
193000000 308.00173990824589509 12852.407449622060085 4408.016496401400218 -2567.3308811688311835 -1035.4451791537503595 8010.792556723979942 14521
194000000 309.33166217595095304 12907.90292463451442 4332.7988901318522039 -2705.4732596166286385 -996.30546968520354767 8034.5776194336849585 14526
195000000 310.65091819948020202 12962.953314771328223 4426.671521633973498 -2707.552645775590463 -975.24563501835996249 8109.4698024279241508 14522
196000000 310.90441086573144958 12973.531147978123045 4419.7282055389114248 -2663.4721313409572758 -894.77063820127204963 7977.9709750811416598 14522
197000000 309.79083022479738929 12927.063254226744903 4186.7558251537175238 -2667.5989733116939533 -962.25124671984031011 7816.6060451852517872 14520
198000000 312.79264600952416231 13052.324103615157583 4347.7237551827802235 -2690.5731785094048973 -985.11135211007626822 8023.4082858022602522 14527
199000000 308.43895773685392214 12870.651832524517886 4426.1384734060120536 -2700.1635177313273743 -902.34479701110694805 8028.6467881484459213 14525
200000000 306.63030491838884473 12795.179716799635571 4408.0465094750461503 -2679.564453808725375 -960.86960607710830118 8048.4805693608805086 14525
201000000 308.13754606296390648 12858.074417721403734 4302.3937096135850879 -2679.5461663828245946 -1014.6307353215116791 7996.570611317921248 14531
202000000 310.01943748742581874 12936.602660355159969 4343.6465055679354919 -2726.9041424432653002 -963.2995089464764078 8033.8501569576774273 14525
203000000 309.75231739309128898 12925.456176924932151 4213.0226040546085642 -2729.7284244586030582 -1082.3432869578716691 8025.094315471083064 14534
204000000 310.77307703896417479 12968.050802789053705 4164.6177992608490968 -2784.4487346724754389 -985.78343940121840205 7934.8499733345433924 14531
205000000 313.15119682084582564 13067.285840908820319 4265.7862893038982293 -2678.987489038365311 -972.57971309553545325 7917.3534914377996756 14525
206000000 309.12965604433645694 12899.473540074528501 4324.6396238802944936 -2722.2396965764119159 -983.54649218936901889 8030.4258126460754283 14530
207000000 308.69546840315342706 12881.355601923474751 4215.2027329979782735 -2728.6171215377726185 -1154.2675744408816172 8098.0874289766325091 14535
208000000 308.41575722311756635 12869.683713137696031 4347.5332334160466417 -2669.5957719158986947 -985.71080020758881801 8002.8398055395327901 14524
209000000 309.86234130521330599 12930.047294326459451 4229.956313985554516 -2649.4896857857625037 -1075.8546532723664768 7955.3006530436841786 14530
210000000 311.76954020480866347 13009.631576390491318 4433.6124047568773676 -2704.2163594493426899 -1049.8805165177827803 8187.7092807240023831 14527
211000000 312.39801356806827926 13035.856739073835342 4434.08064812621069 -2685.4778512215234514 -1005.9840714427382409 8125.5425707904723822 14524
212000000 311.99320323112635833 13018.964667646750968 4376.9211665080047169 -2677.1098380521493709 -1034.1082595894401948 8088.1392641495949647 14527
213000000 308.90650575246183962 12890.161844385636869 4365.4789227321307408 -2682.8708024434358776 -983.47077045866524259 8031.8204956342324294 14529
214000000 315.84587299411668937 13179.730258053939906 4338.2175857545935287 -2627.8187686141873201 -1056.6674642039447463 8022.7038185727269592 14524
215000000 308.96160689080187467 12892.461124516636119 4363.4947337033954682 -2683.8592872464932952 -966.52368603230866029 8013.8777069821981058 14522
216000000 306.82506593617051749 12803.306774642162054 4374.9703185810540162 -2715.3268709582816882 -993.34160099306905067 8083.6387905324045278 14526
217000000 310.817955635657313 12969.923513023220949 4438.4994532950440771 -2652.5603924566717069 -904.41848695730209329 7995.4783327090190141 14523
218000000 311.32690232121649387 12991.161023483031386 4244.8178981182918506 -2673.4806284249807504 -1072.8742203750366571 7991.1727469183097128 14527
219000000 311.88827601192826933 13014.586226881801849 4399.4785295743740789 -2686.1269534861426109 -976.58410786004287729 8062.1895909205595672 14523
220000000 309.54356523539331647 12916.745291760707914 4384.3418940771844063 -2680.8718436329700125 -968.37156941451621606 8033.5853071246710897 14521
221000000 306.4191791690448099 12786.369785548971777 4398.1819583296064593 -2615.7945244907127744 -966.09858413223093976 7980.075066952549605 14528
222000000 307.18229223309003828 12818.213242122174051 4277.27903331737798 -2709.015415102237057 -1041.4788366426485027 8027.7732850622633123 14527
223000000 309.810430043912163 12927.881122532544396 4438.8552792534028413 -2607.4274566378007876 -945.48540102117817696 7991.7681369123820332 14528
224000000 310.11132796578601756 12940.437099306634991 4260.936349182316917 -2711.6061560866596665 -1014.8031923147353837 7987.3456975837107166 14527
225000000 310.1355877436125752 12941.44942004663244 4295.4259949374727512 -2711.8296548161811188 -944.14419274302269969 7951.3998424966766834 14529
226000000 310.74581658155187824 12966.913268611388048 4336.8151760774708237 -2649.4849215074036692 -955.20767987552574141 7941.5077774603996659 14520
227000000 311.28959181734967387 12989.604117350001616 4412.6679669267869031 -2707.508205931354496 -888.89341461999265448 8009.0695874781340535 14515
228000000 310.60560504464410769 12961.062471138578985 4579.4859626565357757 -2683.3173060782173707 -889.9570134803586825 8152.7602822151111468 14524
229000000 311.62052316653614525 13003.41333978772127 4279.2144861723272697 -2715.5640559206231046 -990.08074486461828201 7984.8592869575695659 14524
230000000 310.26824097532056612 12946.984821839907454 4254.4290465427457093 -2743.6262472664475354 -1065.4006490649803709 8063.4559428741731608 14524
231000000 310.6671181690899175 12963.629312933408073 4335.609148500122501 -2702.6088299498806009 -1007.5412190374615875 8045.7591974874649168 14526
232000000 309.85811663415853445 12929.871005732269623 4276.8183459817664698 -2744.1174213900576433 -1089.4784462777556655 8110.4142136495802333 14533
233000000 311.77396106181203095 13009.816051502550181 4214.0399588263026089 -2715.9627386275064964 -1109.2072242471028858 8039.2099217009126733 14530
234000000 309.19138564810265279 12902.049415196348491 4223.7474961147036083 -2700.1798946384751616 -1055.5659838529277295 7979.4933746061051352 14526
235000000 306.35988704790531756 12783.895622579424526 4221.6471627388536945 -2704.5585059396598808 -1066.6609084425499532 7992.8665771210635285 14527
236000000 310.52924776009319885 12957.876206888618981 4399.2830810805971851 -2703.6145450871936191 -995.89446819460465576 8098.7920943623948915 14519
237000000 306.93787377923058557 12808.014060915780647 4326.3601759941630007 -2721.3777222288090343 -979.60926642536981035 8027.3471646483412769 14518
238000000 311.64107019727032366 13004.270733680867124 4366.2506651386220256 -2696.9293006545772187 -1005.5101296787402134 8068.6900954719394576 14523
239000000 314.46748194789267927 13122.212260408019574 4332.493897952235784 -2710.950639486349246 -953.70313091861589783 7997.1476683572000184 14519
240000000 312.91775887160702041 13057.544858151011795 4295.1076469735198771 -2718.665065904239782 -975.92375142989612868 7989.6964643076562425 14527
241000000 310.8638392985410519 12971.838163021102446 4450.9276385258917799 -2666.4125830226657854 -861.2245927141351558 7978.56481426269238 14521
242000000 309.18076610936276438 12901.606279261945019 4392.3429399376072979 -2664.7769515556556144 -959.60207227540956865 8016.7219637686721398 14518
243000000 311.32640038172939967 12991.140078371470736 4465.3440317088598022 -2681.2528545133686748 -935.68761807495866378 8082.2845042971875955 14522
244000000 307.72812251924921156 12840.989844741858178 4321.7371814985272067 -2781.2616736132681581 -915.2292896485125766 8018.2281447603081688 14524
245000000 308.15728132246891846 12858.897937732550417 4285.7605012634012382 -2763.1385934890622593 -1024.3599890802101982 8073.2590838326723315 14518
246000000 308.39418124557965939 12868.783382982017429 4455.8624825965898708 -2719.0812519191185856 -916.98641394688013406 8091.9301484625884768 14519
247000000 310.09478544105672881 12939.746806881243174 4358.5419530933868373 -2698.4112659494116997 -951.48743362090385745 8008.4406526637030765 14515
248000000 309.36551089642529178 12909.315376224281863 4321.3495807198760303 -2723.4760542611820711 -1101.1577671607838056 8145.9834021418428165 14525
249000000 312.93216630268312883 13058.146056620045783 4318.1173043889830296 -2658.0895149413399849 -937.77977850436820972 7913.9865978346915654 14521
250000000 310.6661807277030789 12963.59019504184289 4448.030484266007079 -2674.7137802024326447 -922.94207334863233427 8045.6863378170719443 14527
251000000 306.51273255483278035 12790.273614900055691 4475.8872322752122273 -2701.3680783885638448 -930.38885046212942598 8107.6441611259060664 14518
252000000 312.71807740456603142 13049.212478030973216 4409.4532425361476271 -2666.5247826067993628 -933.1857103272045606 8009.1637354701515505 14522
253000000 312.62399894295378999 13045.28673812692432 4300.6139113902627287 -2703.6723238745053095 -1026.5619929779702488 8030.8482282427366954 14529
254000000 310.03262887706989659 12937.153115409677412 4321.9720654939565065 -2660.7519275391705378 -1014.6622124724515288 7997.38620550557971 14532
255000000 311.75202425155538322 13008.900664389322628 4218.4754326221482188 -2802.8819336479682534 -1002.1662761039410725 8023.5236423740570899 14535
256000000 307.42852249687604171 12828.488027185232568 4306.517370966931594 -2715.0810508320382723 -992.2456908643788438 8013.8441126633479143 14528
257000000 310.76989112239937185 12967.917859716058956 4388.1174641307361526 -2748.6603696066936209 -920.8745013823578347 8057.6523351197874945 14519
258000000 310.15105068629247853 12942.094663283736736 4274.5469597280862217 -2722.7253191770955709 -985.79615874936450837 7983.0684376545468695 14520
259000000 310.39511922970143587 12952.279243300921735 4327.2415083320793201 -2725.6008420618936725 -977.80749707484619648 8030.6498474688187343 14521
260000000 309.2819374675968902 12905.827994108893108 4270.4736124914088577 -2700.5656075524962034 -1015.2121737993406896 7986.2513938432457508 14528
261000000 310.26297566408203465 12946.765109037613001 4167.7279770145360089 -2738.2975339599402105 -1071.4995539381850449 7977.5250649126610369 14532
262000000 309.42612343933529928 12911.844638228676558 4419.1120007618028467 -2692.7105241584813484 -997.86694191981109725 8109.6894668400964292 14527
263000000 313.10905274535423359 13065.52723775947743 4179.8508408601510382 -2646.7590583879518817 -1100.4961691751250328 7927.1060684232288622 14534
264000000 307.77741977912342008 12843.046938543477154 4235.8002465767494868 -2765.7298661861968867 -1035.5991632575680796 8037.1292760205142258 14529
265000000 308.80930676042288496 12886.105889864895289 4309.63803654653384 -2705.0912783524313454 -1088.9285752550326833 8103.6578901539987783 14532
266000000 307.89533004406700911 12847.967140513763297 4471.6816178046519781 -2661.9921198395704778 -891.41731509712565185 8025.091052741347994 14519
267000000 310.93899515542852896 12974.974293665140067 4352.9070896012299272 -2667.3247664965824697 -1005.5279274529743816 8025.759783550785869 14529
268000000 310.74768166716074802 12966.991095574901919 4331.0985197299487481 -2670.655708461260474 -950.15655874990579832 7951.9107869411145657 14515
269000000 311.08748493045749228 12981.170528437527537 4389.8291704197536092 -2643.2418005280792386 -1035.7445225847095571 8068.8154935325428596 14515
270000000 310.72048239035763117 12965.856114363714369 4500.6707134840326034 -2636.0120065520786738 -954.16631761927783373 8090.849037655389111 14513
271000000 310.0935457730250846 12939.695077567474073 4410.0556584771438793 -2626.3011229009030103 -903.83042404802756664 7940.1872054260747973 14509
272000000 311.81319473692764177 13011.453208417578935 4458.2511946998283747 -2628.3405598047920648 -891.96270622196766453 7978.5544607265892409 14505
273000000 308.89325949034025598 12889.609099592631537 4398.1744594284755294 -2665.1911881929854644 -901.30802023742921847 7964.6736678588904397 14520
274000000 312.11881527806150416 13024.206252347774353 4236.6287952445272822 -2673.3557788442512901 -1027.9520030079970638 7937.9365770967751814 14532
275000000 311.00249521306994893 12977.624046923434435 4319.1325947692130285 -2713.0605515235993153 -1048.161692876899906 8080.3548391697122497 14531
276000000 308.31041763803455069 12865.288065020693466 4300.1919837154928246 -2667.6719224246262456 -1028.5787721786227848 7996.442678318741855 14525
277000000 310.96355924141289506 12975.999312685464247 4281.3200335801893743 -2658.2960683829783193 -991.55420640986312719 7931.1703083730308208 14525
278000000 314.12507679630607527 13107.92425501444086 4369.4607744781051224 -2702.1866085948267937 -1008.7776211469758891 8080.4250042199073505 14529
279000000 308.96739716900253825 12892.702743329256919 4324.2576583192403632 -2712.1185495330291815 -1084.4385586262724246 8120.8147664785419693 14535
280000000 309.89748837417130289 12931.513923869015343 4177.6706254812570478 -2743.6744228311340521 -1047.2131978389647884 7968.5582461513549788 14535
281000000 313.27094031118366502 13072.282540368116315 4216.123823998050284 -2729.5404641495151736 -1109.4834294479369419 8055.1477175955023995 14537
282000000 305.62049220811024952 12753.041888603684129 4294.1317562392505351 -2802.146230958032902 -1057.9455914692268834 8154.2235786665105479 14532
283000000 313.83000581202259127 13095.61142678917895 4374.5941545309124194 -2740.3042771151021952 -1010.3176243660709588 8125.2160560120855735 14532
284000000 311.00223040951641451 12977.61299710545245 4301.5615965123743081 -2724.3747974432071715 -1025.2200857557522795 8051.1564797113333043 14528
285000000 308.69446431299780897 12881.313702888099215 4440.7933838119197389 -2734.1874332357820094 -975.98082476445142674 8150.9616418121531751 14531
286000000 310.57543060901230092 12959.803341429058491 4175.8228771346775829 -2759.7998476298803325 -1073.4705094483015273 8009.093234212858988 14531
287000000 308.36833250802283146 12867.704757558543861 4174.9192345256333283 -2748.913478309364109 -1100.5858618199017656 8024.4185746548992029 14528
288000000 310.1853229646736736 12943.524789250275717 4387.5447991787132196 -2734.2041735621496628 -1028.6508810177510895 8150.3998537586139719 14531
289000000 309.32599230741277552 12907.666330319625558 4174.1226417701855098 -2740.2771560215023783 -1077.6288011370781987 7992.0285989287667689 14534
290000000 312.91166911443843901 13057.290742572238742 4253.1000815024945041 -2729.9825795504457346 -1082.9621836452088246 8066.0448446981499728 14533
291000000 311.75978149426822483 13009.22436140499849 4246.2676905845037254 -2745.504237894675498 -1054.809040657713922 8046.5809691368931453 14531
292000000 305.85227237448668802 12762.713694801592283 4346.965626955305197 -2593.3881318624917185 -1041.821068153887154 7982.1748269716836148 14532
293000000 313.28900496893123773 13073.036348907895444 4287.5217005060458177 -2719.3907325081495401 -975.68218673933802165 7982.5946197535340616 14531
294000000 311.53929119299971262 13000.023662761423111 4296.8071631033180893 -2668.6941619372737478 -1038.4997503969866557 8004.0010754375789475 14532
295000000 310.23498118809953894 12945.596945468885679 4305.3861484004200975 -2707.223788197252361 -906.43897120174051452 7919.0489077994125182 14530
296000000 306.41416813403276365 12786.160683276568307 4238.2221415448793778 -2642.0188348089618557 -1047.1005763191296865 7927.3415526729695557 14534
297000000 310.02468807775591131 12936.821758878089895 4454.1404830225656042 -2698.5403102286709327 -912.26123643651055772 8064.9420296877469809 14536
298000000 307.93662384098394114 12849.690262932734186 4280.4047754940393133 -2729.0332418127063647 -1037.544238284341418 8046.9822555910877782 14531
299000000 312.22300063033674178 13028.553736222776934 4289.5553570306556139 -2591.7751824807673984 -1071.2111744049325353 7952.541713916356457 14526
300000000 308.10117638847788157 12856.556770855369905 4147.049446046090452 -2747.5896016646461248 -1117.542455691121404 8012.1815034018582082 14537
301000000 309.44760184977582185 12912.740897069403218 4338.4476596116674045 -2664.1193136841948217 -1004.8103740450578698 8007.377347340920096 14540
302000000 310.23259775508915936 12945.497488718454406 4450.3399149052684152 -2676.425841745839989 -980.06246849834087698 8106.8282251494492812 14533
303000000 308.87928003475389005 12889.025759838857994 4344.8006660817227385 -2713.3056828547159967 -1057.3276589572119519 8115.4340078936511418 14535
304000000 312.16069756614018615 13025.953931537736935 4324.8790207642741734 -2665.1777871693757334 -980.17505935138581208 7970.2318672850351504 14531
305000000 311.67128015110426986 13005.531345506708021 4416.6676363841479542 -2643.1546404144837652 -1009.0481803966702046 8068.8704571953012419 14532
306000000 308.50131403953901099 12873.253858764368488 4164.2356382702419069 -2657.1170352153867498 -1082.5060780701710428 7903.8587515557992447 14529
307000000 307.61982766189959193 12836.470877960142388 4327.4996757493645418 -2738.5643434482071825 -1028.9632211494908915 8095.0272403470626159 14533
308000000 311.86030273703511284 13013.418947999760348 4253.0005763062908954 -2711.8927918873700946 -1070.4036691151463856 8035.2970373088082852 14536
309000000 311.67636734999871351 13005.743625973007511 4200.192277378466315 -2697.8616302714990525 -1139.3957856130164146 8037.449693262981782 14541
310000000 312.99509374087921287 13060.771915408044151 4167.8931856243525544 -2748.959462236039144 -1156.2636886530940501 8073.1163365134862033 14533
311000000 312.3255934120941788 13032.834764742063271 4406.8440875291453267 -2740.6534780227566444 -885.07380490379080129 8032.571370455692886 14527
312000000 309.00205302899991011 12894.14887552752225 4162.4102509545327848 -2680.8900587465450371 -1093.1629816878441943 7936.4632913889217889 14533
313000000 309.21470199953068914 12903.022368300058588 4200.2496286243231225 -2682.0028210081936777 -1126.3607309455137511 8008.6131805780314608 14534
314000000 306.70808838162861321 12798.425493147191446 4269.29577223429078 -2706.1898947261061039 -1117.8647993644826784 8093.3504663248804718 14529
315000000 310.35621057062081718 12950.655648771969936 4074.3083018077563793 -2775.0667227511266901 -1016.9249930022167518 7866.3000175610995939 14524
316000000 311.1050499551705002 12981.903488110227045 4428.2335799981156015 -2731.3878332597528242 -984.05002832557931924 8143.6714415834467218 14521
317000000 309.43108369057915752 12912.051621377724587 4279.1915785145638438 -2719.3259025378301885 -1052.7733309266386641 8051.2908119790336059 14521
318000000 309.78764399361864434 12926.930298025425145 4351.6386436682842032 -2677.015545522967841 -954.66570349809467189 7983.3198926893464886 14518
319000000 309.69987630443154103 12923.267896304318128 4246.9810326786919177 -2754.2286748241649548 -1002.031148505711144 8003.2408560085677891 14526
320000000 309.95166072470806284 12933.774447208297715 4211.5558105490026719 -2667.4194804519675017 -1045.7466684083638029 7924.7219594093339765 14526
321000000 307.95574644510054441 12850.488217839345452 4160.4017326232442429 -2668.3292991036969397 -1064.9400837642162969 7893.6711154911572521 14523
322000000 310.88134002472543216 12972.568439621660218 4303.2444608050145689 -2664.2428587262693327 -1000.6281565239806923 7968.1154760552635707 14525
323000000 311.11449796698281034 12982.29773814737564 4195.6565111767749841 -2709.2039357368221317 -1098.5820638793761646 8003.4425107929737351 14525
324000000 311.03824281696103071 12979.115735803805364 4211.5208901228024843 -2742.7232104117601921 -1016.4934300033451109 7970.7375305379073325 14530
325000000 307.35034090428325726 12825.225637552752232 4236.0823379263192692 -2799.7658027315433173 -983.02507967059068505 8018.873220328453499 14530
326000000 307.60675068944448185 12835.925197347263747 4363.2239006945528672 -2697.2429431403638773 -942.21233756774404355 8002.6791814026610155 14524
327000000 310.61738865167296808 12961.554181733479709 4172.7170599187411426 -2742.2267355642093207 -1020.8497440123551314 7935.7935394953055948 14523
328000000 310.53612985339452734 12958.163385354691854 4245.3596229646600477 -2690.4963434145474821 -966.84635015096478128 7902.7023165301725385 14517
329000000 310.63638987277096248 12962.347071525806314 4264.0823268761569125 -2746.8299795696057117 -951.43984916156489362 7962.3521556073274041 14523
330000000 311.19456170775123383 12985.638666736296727 4391.0803910365466436 -2729.0167971774744728 -988.22510003523620981 8108.3222882492582357 14522
331000000 307.24571349507937157 12820.859707367138981 4246.9743891090320176 -2729.1035667045298396 -986.99720821857795272 7963.0751640321395826 14527
332000000 309.68064379167901734 12922.465355090591402 4357.7416700192861754 -2785.5140830126265428 -970.0495229452693593 8113.3052759771817364 14528
333000000 307.28670727001616569 12822.570310360948497 4398.5330970236964276 -2755.8769137951749144 -908.80562566776916356 8063.2156364866405056 14523
334000000 308.73002042857177685 12882.797401275058292 4387.0980221850531962 -2757.0672240395851986 -909.33758591749949574 8053.5028321421377768 14527
335000000 310.48283316013163358 12955.939401757274027 4192.2197878917668277 -2815.6874579339737465 -1015.2521386813269828 8023.1593845070656243 14523
336000000 311.22962837121468738 12987.101941089438697 4367.3569952457601175 -2681.049866155492964 -991.49383702551517672 8039.9006984267680309 14518
337000000 310.59903996398708159 12960.788521090214999 4159.8812646869828313 -2707.6885550324577707 -1041.5448307977540026 7909.1146505171946046 14532
338000000 309.35625395622395217 12908.929099292081446 4337.3571855923728435 -2682.099478079970595 -989.42526440583378644 8008.8819280781763155 14523
339000000 312.98893266875643349 13060.514823973197053 4191.8421602403150246 -2712.5585084280287447 -1092.9869342761044209 7997.3876029444481901 14532
340000000 313.83842946916684014 13095.96293218608298 4188.052179203858941 -2761.4392997208528868 -1012.9737382775651895 7962.4652172022779268 14526
341000000 310.82647121599416096 12970.278854224188763 4232.4099686567278695 -2709.3985031063730275 -1000.3518637361389665 7942.1603354992394088 14532
342000000 309.0420749570910175 12895.818924946397601 4135.5559311002725735 -2723.4506701806785713 -1047.7356738013299946 7906.7422750822815942 14528
343000000 309.63830306528257097 12920.698546021518268 4215.695628416382533 -2688.682082831743628 -999.00823646393030231 7903.3859477120568044 14533
344000000 308.2869994216735563 12864.310861260400998 4276.6751324367469351 -2722.9410732875949179 -1049.7692064657039737 8049.3854121900458267 14537
345000000 310.36501320670532778 12951.022968338484134 4305.7400836967663054 -2735.5553803932452865 -1067.842855509077026 8109.1383195990893 14544
346000000 309.1035430112966651 12898.383886034025636 4165.3649659528982738 -2768.2672719417942062 -1008.7042961079322367 7942.3365340026230115 14538
347000000 308.21117269112397707 12861.146736158751082 4237.6618167089691269 -2671.0939159519261921 -1056.839161040179988 7965.5948937010762165 14535
348000000 307.29420892058044501 12822.883341935465069 4293.1528517545257273 -2681.2510629873158905 -960.00795740753062546 7934.4118721493723569 14533
349000000 312.36838122747491298 13034.620230101174457 4133.3586350209425291 -2733.5163200513065931 -1131.4074822583036166 7998.2824373305520567 14537
350000000 308.95258190405724008 12892.084526621754776 4160.0874547949379121 -2776.9285154088129275 -1150.7268167653080582 8087.7427869690582156 14538
351000000 310.55126129877072572 12958.794795753005019 4121.8081320809451427 -2773.8239139547772538 -1076.7889591232083148 7972.4210051589307113 14532
352000000 310.28631414677039402 12947.738985642517946 4232.058046255931913 -2774.8921047271687712 -1061.9048851168324745 8068.8550360999342956 14539
353000000 310.67175236460786891 12963.822690311781116 4139.7552422039643716 -2773.8439214100039862 -1129.0658711644073264 8042.665034778376139 14534
354000000 313.30952606130807681 13073.892660435931248 4159.104238004403669 -2767.0466238414519466 -1056.3289709084183414 7982.4798327542730476 14538
355000000 311.31941797936127614 12990.848714172558175 4319.1625119389746033 -2727.7683764299708855 -1014.4226384121875526 8061.3535267811330414 14532
356000000 310.31088930644170887 12948.764466749636995 4192.8945607285404549 -2758.0545287203940461 -1053.6211036664321909 8004.5701931153671467 14529
357000000 311.56868837103007763 13001.250358786022844 4307.167100094131456 -2704.5235822290660508 -1014.0350787426594934 8025.7257610658571139 14529
358000000 310.16932235246423488 12942.857109945540287 4372.6521042487756858 -2751.4608861799915758 -1048.0362771245031581 8172.1492675532708745 14532
359000000 310.29236772157997848 12947.991591390793474 4073.6277962633334937 -2766.4129224502830766 -1018.9415261825556627 7858.982244896172233 14528
360000000 309.2155306656961784 12903.056947180040879 4215.8522426952249589 -2779.9781352992276879 -992.86436055232888975 7988.6947385467819913 14527
361000000 309.74828719970633983 12925.288003564939572 4136.6495717118796165 -2764.8971036534298946 -1070.2432145540469719 7971.7898899193569378 14530
362000000 312.28384948636346508 13031.092859185951966 4242.5754725027572931 -2779.0250474653280435 -1044.0396903923146965 8065.6402103603995783 14524
363000000 310.50091812374427036 12956.694057627499205 4334.5809410158299215 -2758.1579896075472789 -979.93419649447878328 8072.6731271178559837 14527
364000000 306.29152019083005598 12781.042785762843778 4337.1338099249169318 -2782.8940295739885187 -962.6086184400098773 8082.6364579389155551 14521
365000000 310.43402058673046895 12953.902533127236893 4353.0145887086055154 -2729.0529583438756163 -940.29646302005619418 8022.3640100725369848 14521
366000000 310.62489855811509187 12961.867557812236555 4228.1697398060350679 -2720.46232020880052 -1002.9482048977486102 7951.5802649125844255 14524
367000000 305.05720671037607872 12729.53690863344309 4370.1292635848740247 -2712.1971907684719554 -994.17550371414245092 8076.5019580674879762 14526
368000000 306.8313279066229029 12803.568076398818448 4287.6163253195118159 -2750.4597092308349602 -965.13006439146420234 8003.2060989418105237 14522
369000000 312.21084642036532841 13028.046560974911699 4421.387586185458531 -2755.6195280736428685 -969.51945067331234895 8146.5265649324137485 14521
370000000 309.36234551603547516 12909.183290092187235 4220.4056714684074905 -2760.9979280716715948 -1070.5871998407901629 8051.9907993808701576 14528
371000000 306.27945404947951147 12780.539285474083954 4345.5019095664210909 -2754.8432397857091019 -887.31987085750461119 7987.6650202096352587 14525
372000000 309.15838131412698431 12900.672198470283547 4372.487721996097207 -2730.6600660616409186 -953.1889453758029731 8056.3367334335407577 14528
373000000 309.57306515004893299 12917.976274816179284 4304.7462470086202302 -2743.7848853863633849 -922.10847796277596444 7970.6396103577590111 14524
374000000 309.51584970108734751 12915.588767970646586 4272.3536390749959537 -2798.1524888181907045 -916.14672736277316289 7986.6528552559611853 14525
375000000 312.42578764824895643 13037.015705887228251 4323.9047609497429221 -2767.2910608344791399 -926.25241955888361645 8017.44824134310511 14526
376000000 313.46633727703977002 13080.436135280764574 4283.4589611281026009 -2729.8698055018294326 -936.55466643107365599 7949.8834330610052348 14529
377000000 309.37455915945633933 12909.692945400420285 4206.345580070988035 -2773.3048415071934869 -1035.0535294746621275 8014.7039510528438768 14522
378000000 305.69531959105211172 12756.164312568706009 4309.831390286797614 -2793.4281444168050257 -939.51967537388998153 8042.7792100774931896 14519
379000000 310.27071592808908918 12947.088097559742891 4317.7741484875805327 -2681.4009852611006863 -975.70380717906550672 7974.8789409277469531 14520
380000000 308.7050460193396475 12881.755260138581434 4329.81415288221433 -2768.2343738001181919 -967.00405844048646031 8065.0525851228194369 14523
381000000 311.67479036527339531 13005.677820986848019 4281.668453185884573 -2663.093415248880774 -962.63435055158629439 7907.3962189863523236 14525
382000000 312.14126185333071817 13025.142911118904522 4326.0669798520293625 -2751.6956730377619351 -974.04222791075653731 8051.804880800547835 14520
383000000 309.66487447033364333 12921.807327174272359 4410.0599637858476854 -2758.3355605455080877 -871.41913692532568803 8039.8146612566815747 14531
384000000 308.3899420681200354 12868.606489059344312 4186.3049827638224087 -2712.1637684531578998 -1075.0896209749289483 7973.5583721919092568 14534
385000000 308.82815095853982257 12886.892227345757419 4476.9869369737843954 -2727.2430551642737555 -880.15192295584643034 8084.3819150939043539 14527
386000000 309.08295215323272487 12897.524663298290761 4294.4369295611859343 -2656.3509349164760351 -1085.1425588738816259 8035.9304233515440501 14532
387000000 307.63958338830138928 12837.295252021323904 4394.5514457194058195 -2720.1519474637852909 -1023.4556101725853523 8138.1590033557768038 14531
388000000 309.3677344255522712 12909.408160447919727 4408.7327396154396411 -2683.8371571208617752 -987.4471180162768178 8080.0170147525768698 14528
389000000 307.27285475056334008 12821.9922674438385 4215.1373550881262418 -2758.987767523596176 -1009.1306792657636606 7983.2558018774861921 14528
390000000 309.91410685329236685 12932.207385746603904 4359.0004832984323002 -2684.4764199936025761 -986.08976673116410439 8029.5666700231986397 14533
391000000 311.32094537711850535 12990.912449975867275 4145.8917687154917076 -2761.4109679271823552 -1101.7639478061832961 8009.0666844488569041 14539
392000000 312.82434106509845151 13053.646686300891815 4047.5122825784887937 -2827.6923663793177184 -1101.7332920222434041 7976.9379409800494614 14533
393000000 307.24621660177774629 12820.880701184512873 4243.5815834498789627 -2806.8559515871829717 -956.38923784097528369 8006.8267728780374455 14532
394000000 314.21627316774305427 13111.729730022421791 4132.2305970384913962 -2830.5920008269940809 -1022.3896171829994728 7985.2122150484847225 14532
395000000 307.49296654843760734 12831.177171761561112 4212.055437143169911 -2810.8373962356863558 -1006.7182941050394902 8029.6111274838949612 14531
396000000 308.03005960315425682 12853.589184043170462 4114.4966668611968998 -2809.6272297509685814 -1100.7975537928255108 8024.9214504049905372 14534
397000000 307.62909382507336886 12836.857539751856166 4349.7495287343099335 -2767.211542486664257 -982.47061300385382765 8099.4316842248263129 14535
398000000 307.127024525514571 12815.907011330171372 4239.1776010424237029 -2822.4197896002106063 -991.35813105153897595 8052.955521694174422 14536
399000000 311.66299954434293795 13005.18580936766557 4112.6011771172425142 -2765.6615191036135002 -1047.6965472650767879 7925.959243485933257 14537
400000000 307.86115511180685189 12846.541076641196923 4053.5913121119560856 -2849.9292999761405554 -1094.372381845476184 7997.8929939335721429 14537
