# Steps Temp KinEng PotEng Epair Ebond Eangle Bonds
1000000 306.52731547641462839 12790.88213630006976 4149.4159431721063811 -2758.9180543605320963 -1150.0591400590365083 8058.393137591674531 14533
2000000 307.92979018895687204 12849.405105841586192 4217.2457328731779853 -2735.9351782488747631 -1010.4332969235902056 7963.6142080456429539 14536
3000000 313.47658421003683316 13080.863722988633526 4247.0587598452639213 -2738.1556697165192418 -961.01885090155496982 7946.233280463338815 14533
4000000 310.32160807182407325 12949.211743249086794 3962.1648184104687971 -2729.3236048668613876 -1169.234112418949735 7860.7225356962808291 14535
5000000 308.76883727807819469 12884.417164741056695 4100.3215514163130138 -2749.4906781860677256 -1121.0190431341325166 7970.8312727365137107 14538
6000000 308.37018828225353673 12867.782195973517446 4330.1711266214470015 -2763.8822244579932885 -1003.2868519901683158 8097.3402030696079237 14526
7000000 309.99702179748845765 12935.66729037827281 4220.0832559513728484 -2765.6872511539349944 -977.12409327882494381 7962.8946003841338097 14529
8000000 310.05140029872478635 12937.936416048138199 4276.7287152830131163 -2752.1604165700337035 -1006.0089201718005825 8034.8980520248487665 14525
9000000 304.65849684548595633 12712.899399899633863 4257.7638770210896837 -2728.9691341796383313 -1107.3755378567157095 8094.1085490574441792 14528
10000000 311.37386191702290716 12993.120570397128176 4318.6474950545216416 -2677.4419327276732474 -951.76505039160701926 7947.8544781738037273 14517
11000000 311.03759517448099814 12979.088710745318167 4285.4025445204360949 -2671.4667850827031543 -1034.6957292066340415 7991.5650588097742002 14523
12000000 311.37781500113089805 12993.285526113460946 4336.4327085499362511 -2672.3765397421079797 -996.99065060827729212 8005.7998989003226598 14521
13000000 314.03671795755695939 13104.237185591660818 4275.3346640590079915 -2799.626712719707939 -1000.0663541667519212 8075.0277309454668284 14516
14000000 313.88390674623423138 13097.860624370367077 4307.2562925085903771 -2746.7004429857079231 -904.34196144846271181 7958.2986969427602162 14522
15000000 308.90422301237094871 12890.066589385589396 4237.1651786643433297 -2649.9006353935519655 -958.9854368236819937 7846.051250881577289 14524
16000000 313.83976663739076685 13096.018730022964519 4194.4968626146728639 -2728.1364652837146423 -978.81744993596942095 7901.4507778343568134 14523
17000000 311.62209925849822412 13003.479107520333855 4174.1879752438962896 -2708.3095168058216586 -964.69507957695441291 7847.1925716266723612 14520
18000000 309.88183346126982087 12930.860670029416724 4172.9743078163446626 -2760.8489587699095864 -979.38562408683867488 7913.2088906730923554 14519
19000000 307.04234434652312302 12812.373446345671255 4500.8702407419586962 -2723.0461467412305865 -910.97854831829727118 8134.8949358014870086 14520
20000000 306.63402077197116569 12795.334773275217231 4200.9567021195289271 -2738.0629961505833307 -1081.4550353521642592 8020.4747336222771992 14522
21000000 312.18560404489096527 13026.993238046639817 4288.0462594566915868 -2674.0254204186794595 -972.8880024018073982 7934.9596822771782172 14522
22000000 308.76267462156420152 12884.160007192162084 4472.9639407919594305 -2683.4088860360261606 -913.38131070651320442 8069.7541375344990229 14527
23000000 310.80650314103638721 12969.445619206040647 4264.188647554594354 -2672.2524341920379811 -1027.1142849256145837 7963.5553666722480557 14526
24000000 313.05981835205705011 13063.472767277009552 4340.5130164249394511 -2692.0369935411872575 -994.33557682092157393 8026.885586787048851 14525
25000000 314.76923382253067984 13134.803871230382356 4357.7255745107295297 -2691.3809643638155649 -1068.4785097201513508 8117.5850485946975823 14523
26000000 306.59692295635807113 12793.786742274181961 4314.3132802435193298 -2656.9114474220250486 -925.45354765106969808 7896.678275316613508 14513
27000000 310.02750064584779466 12936.939122731642783 4431.7461978907913362 -2639.2509684584997558 -937.73141413587063653 8008.7285804851617286 14507
28000000 312.01420503140286655 13019.841038327027491 4334.8629065560435265 -2698.2718451029941207 -938.58989079088541985 7971.7246424499226123 14515
29000000 313.20424792567808936 13069.499576503820208 4273.353595081183812 -2678.0517399521113475 -1001.3312543139777517 7952.7365893472742755 14518
30000000 311.34899187702166046 12992.082784417478251 4478.4782396903938206 -2734.2906167381261184 -948.15607076229434824 8160.9249271908138326 14515
31000000 313.01074354279336376 13061.424955974523982 4183.1638252793691208 -2675.5572336265695412 -1052.7835413072557458 7911.5046002131939531 14524
32000000 309.41366295601289949 12911.32468269619676 4297.6526301891944968 -2699.7070318898017831 -965.54907887504134578 7962.9087409540370572 14519
33000000 311.93898305336585963 13016.702148555865278 4198.7288310304620609 -2686.4249609060293551 -1054.0416727505660219 7939.1954646870572105 14526
34000000 308.78646095360124946 12885.152571815866395 4322.7285385668556046 -2721.7073708407187951 -1006.1257991909683369 8050.5617085985431913 14525
35000000 307.75334135030499283 12842.042185200158201 4277.6330768617954163 -2750.3051900992959418 -1019.1924397829501459 8047.1307067440420724 14523
36000000 311.65648238885904675 13004.913859158174091 4145.9561030655831928 -2787.3440277012864499 -1037.0820434908455354 7970.3821742577147234 14533
37000000 312.08948038915860934 13022.982155546302238 4264.1185005288280081 -2697.136513589452079 -1034.7846406627277247 7996.0396547810069023 14530
38000000 310.42933215757909693 12953.706892668289584 4296.1242228204591811 -2718.0915738763601439 -1046.8017270474470024 8061.0175237442663274 14524
39000000 309.11633665602766996 12898.917743845666337 4295.4003194326660378 -2733.9885811200365424 -1001.5851572019194009 8030.9740577546217537 14531
40000000 310.29955723220581376 12948.291597877621825 4334.8749045577160359 -2709.3169080328243581 -950.17652249001764631 7994.3683350805567898 14528
41000000 313.09375141590652447 13064.888738377489062 4481.4427708812454512 -2664.8845183335679394 -898.08121155287631154 8044.4085007676903842 14528
42000000 310.23923146238865911 12945.774302444053319 4297.8900174332238748 -2658.7429709773678042 -1004.4065539970513328 7961.0395424076432391 14527
43000000 310.58796685667289239 12960.326458483108581 4225.2786749874285306 -2737.8011112626718386 -985.71114117918750708 7948.7909274292887858 14520
44000000 309.88823194680458073 12931.127668336561328 4231.6524534509308069 -2753.678346384757333 -986.214467750976155 7971.5452675866636127 14523
45000000 307.41767539172917623 12828.035395277900534 4233.9897023451549103 -2651.849151787964729 -1054.4550177918054032 7940.2938719249250425 14521
46000000 309.20344227703628803 12902.55251854755079 4263.3660099553053442 -2640.9272887340312082 -943.45133304229273108 7847.7446317316298519 14523
47000000 305.07368920870783313 12730.224696255716481 4275.6903343534595479 -2723.7663120525980958 -967.46494723160299145 7966.9215936376604077 14523
48000000 306.48483382721173029 12789.109446753413067 4475.6621181602231445 -2675.069073383833711 -922.45341576993212129 8073.1846073139904547 14521
49000000 312.00574989232933376 13019.488219240845865 4351.1323289930915053 -2662.7827113426055803 -965.39679428287354312 7979.3118346185710834 14515
50000000 309.4636166716986736 12913.409169322172602 4440.2318696045022079 -2720.2946081918594246 -904.25466686104800829 8064.7811446574096408 14520
51000000 310.54301965621147019 12958.450885526208367 4276.4935910336298548 -2704.561271727860003 -970.25792650860239519 7951.312789270092253 14527
52000000 309.95826723536470126 12934.050126062595155 4206.428003046046797 -2712.5725065152182651 -1075.9487829407171375 7994.9492925019821996 14528
53000000 309.38734146227011479 12910.226329932456792 4203.1659253697816894 -2825.4949850502989648 -1044.8374060159278542 8073.4983164360091905 14534
54000000 308.79942584037246434 12885.693575276987758 4253.721032586747242 -2733.6416599681961088 -971.06443769093198171 7958.4271302458737409 14532
55000000 310.39742816344255516 12952.375591319032537 4289.301705302422306 -2743.9830854993183493 -1008.0426769372431863 8041.3274677389836143 14534
56000000 309.1288678459149537 12899.440649847130771 4396.1964859243589672 -2711.053437688629856 -971.64685760135660075 8078.8967812143455376 14532
57000000 313.97617950750219507 13101.711015360595411 4375.3644527689493771 -2754.9401160197544414 -920.05032204769554482 8050.3548908363991359 14529
58000000 313.24550658027061445 13071.221232491232513 4194.1069691240063548 -2751.5163609383962466 -1071.1834072614660727 8016.8067373238691289 14527
59000000 307.50664177685894174 12831.74781661470297 4163.2104697392833259 -2781.1637541811132905 -1053.2656345593236438 7997.6398584797198055 14537
60000000 309.23945536201279083 12904.055285518197707 4340.5693997970884084 -2750.4825009493483776 -979.20016548742273699 8070.2520662338592956 14530
61000000 310.97477692165432472 12976.467408083708506 4344.3388771185018413 -2709.9684784729743114 -1045.9706279530964821 8100.2779835445735443 14526
62000000 309.11481802670255092 12898.854373934647811 4392.6196038199595932 -2741.4572623603107786 -915.359743387803519 8049.4366095680743456 14524
63000000 310.28908210151791991 12947.854487854383478 4269.0539911462656164 -2770.2368240751588928 -983.71142641774736148 8023.0022416391711886 14526
64000000 309.87618170448820365 12930.624831488423297 4360.1354760579251888 -2712.8309603877542031 -1052.5224901666110782 8125.4889266122891058 14523
65000000 313.52888173051849208 13083.04601274464585 4170.5966306910695494 -2745.3994206120282797 -967.84671455301736387 7883.8427658561149656 14529
66000000 309.06819562889904773 12896.908897740171597 4254.9492033543301659 -2716.8747132446455907 -989.35219821742123258 7961.176114816397785 14534
67000000 313.3632876595554535 13076.136043755857827 4369.8252749981811576 -2705.4811535356930108 -981.20125779221189077 8056.5076863260865139 14528
68000000 310.45381149535148779 12954.72837528472337 4300.4367529249466315 -2665.6963754216753841 -1062.2540333474228191 8028.3871616940450622 14529
69000000 309.87080741470362 12930.40057119013909 4239.995594123121009 -2669.197888179243364 -1022.7649255425126285 7931.9584078448770015 14538
70000000 311.25176002045856194 12988.025458514046477 4356.6727552226511762 -2694.4388400948082563 -947.4692865330106315 7998.5808818504710871 14530
71000000 310.33657465353547877 12949.836274157063599 4301.6540936870787846 -2693.28525091282836 -1048.1987063117217076 8043.1380509116297617 14536
72000000 311.60380153793897762 13002.715573651672457 4022.9636066598718571 -2763.754222348651183 -1173.9164825692671457 7960.6343115777899584 14534
73000000 309.20750184891556955 12902.721917823928379 4304.6127184989873058 -2672.0441268351405597 -950.56283566968613741 7927.2196810038130934 14531
74000000 310.02612780423589811 12936.881836302789452 4452.6965211387778254 -2659.4892236711402802 -951.6694946928578247 8063.8552395027754756 14527
75000000 308.0248181778361527 12853.370467961160102 4340.4500456709174614 -2704.9494761658520474 -1057.6671924326778935 8103.0667142694474023 14528
76000000 314.18815317094640704 13110.556328675986151 4249.0489262735454759 -2725.3594074335205732 -966.52299025022216483 7940.9313239572884413 14525
77000000 308.21504249777592577 12861.308216843426635 4328.0103126180456456 -2703.1771516733479075 -1040.0654007913756232 8071.2528650827689489 14527
78000000 308.67200066503653488 12880.376331701529125 4461.186494676519942 -2722.486765195715634 -969.133968981322937 8152.8072288535568077 14529
79000000 308.41737074480397496 12869.751042751317073 4467.563891100854562 -2672.7367407776423534 -912.95695023225562181 8053.2575821107520824 14522
80000000 308.58587320959202316 12876.782374244336097 4387.0194886621575279 -2753.3810936286386095 -904.13840412592560369 8044.5389864167227643 14525
81000000 312.01670168041482611 13019.945219395516688 4267.7462124757767015 -2689.0361212027528381 -1056.9375862843203322 8013.7199199628494171 14524
82000000 310.81550825333931698 12969.821387773066817 4283.5920817962396541 -2638.8118852758580033 -1082.5650267391920352 8004.9689938112878735 14529
83000000 307.94600429609812409 12850.081693939671823 4331.3640816811112018 -2636.2344928397978947 -982.35183279465536543 7949.9504073155658261 14526
84000000 310.69812644401991975 12964.9232373892537 4436.5275193880643201 -2694.4892224252243977 -986.69776579886934087 8117.7145076121569218 14531
85000000 307.90644847604085044 12848.431094444578775 4331.3015606257995387 -2755.1257288987981156 -1023.3626221877873377 8109.7899117123834003 14522
86000000 304.88784312979055358 12722.46964419051983 4372.975093872180878 -2782.174345633971825 -1018.1230901131548308 8173.2725296193075337 14527
87000000 308.01251587460780001 12852.857113024570936 4454.4178183719213848 -2718.1032589780970739 -982.29682137062786751 8154.8178987206465536 14523
88000000 311.49551756922983259 12998.197061235065121 4476.3947308120041271 -2731.8938933850381545 -1046.9801343588787859 8255.2687585559215222 14521
89000000 313.689468668739039 13089.747042296337895 4244.6063364754554641 -2783.1030141368137265 -1058.7502366254161643 8086.4595872376849002 14525
90000000 310.31846266426180136 12949.08049055032825 4296.4155450176967861 -2710.8962825066300866 -1042.4858644596602062 8049.7976919839875336 14525
91000000 311.07847889850427237 12980.794721495003614 4250.0384809545230382 -2744.7763756982512859 -1026.1873264235177885 8021.0021830762925674 14519
92000000 306.15271095421127256 12775.250503981165821 4412.9312022263302424 -2746.6835800769176785 -961.17738703965642344 8120.7921693429034349 14523
93000000 310.08636554071506453 12939.395458249548028 4394.3720096269607893 -2714.4114609084317635 -1023.4711426333686859 8132.2546131687613524 14524
94000000 308.16590521714852002 12859.25779871339364 4338.3001438279234208 -2773.68122684881655 -1063.8095466117104024 8175.7909172884501459 14527
95000000 309.49967585488974464 12914.913859895706992 4248.9351364537997142 -2671.4232998495344873 -1074.7271909023011176 7995.0856272056362286 14527
96000000 308.46861498504995325 12871.889380850587258 4199.8279703190755754 -2718.6517558613786605 -1016.3837678015478332 7934.8634939820012733 14524
97000000 308.60389923935321121 12877.534570901598272 4282.3909617120389157 -2762.9034121869954106 -990.82998620354078412 8036.1243601025753378 14530
98000000 308.75126856892421756 12883.684051322677988 4388.6312750782562944 -2667.5055044681848813 -998.61152021124632938 8054.7482997576880734 14531
99000000 310.54131172701505648 12958.379616442034603 4408.5604899830805152 -2685.066770228918358 -941.82049525651927979 8035.4477554685181531 14521
100000000 308.73419371406930622 12882.971545634221911 4306.725821869081301 -2713.2845116377984596 -1026.2726034649001576 8046.282936971781055 14524
101000000 309.71733143508265584 12923.996270278053998 4431.5707824119144789 -2621.0655224200027078 -963.43415929822879207 8016.0704641301445008 14523
102000000 308.92515494419495781 12890.940044569933889 4335.0590413756563066 -2706.0638425963807094 -979.98951948305068527 8021.1124034550884971 14524
103000000 311.0055522385111999 12977.751611581239558 4423.6074397103002411 -2660.5839017645967033 -931.52424061457770676 8015.7155820894749922 14521
104000000 307.43884055771377461 12828.918582941236309 4401.8065518223929757 -2721.9651929626256788 -997.84996114164516712 8121.6217059266637079 14528
105000000 309.02854512725275526 12895.254347337657236 4188.0274499619308699 -2742.7323613650833067 -1040.54146262634913 7971.3012739533642161 14525
106000000 311.80099925317728093 13010.944310882612626 4350.2832317309976133 -2638.4736655943765982 -1019.1669388256736966 8007.9238361510479081 14525
107000000 310.06021750457716735 12938.304343587171388 4296.0779187112611908 -2685.7456814058336931 -940.23577490151001257 7922.0593750186053512 14515
108000000 311.18091766297413869 12985.069323125482697 4304.7278352704079225 -2658.1309320821710571 -1019.3554720210165669 7982.2142393735957739 14519
109000000 310.22890806285357712 12945.343523912964883 4492.649941051586211 -2740.5231195299047613 -906.05107925700770011 8139.2241398384994682 14518
110000000 310.17799828450199584 12943.219142359992475 4437.3163006784252502 -2636.014156279656163 -953.52156522117786608 8026.8520221792587108 14521
111000000 313.5618979345198909 13084.423724787415267 4471.3966724348756543 -2640.1116100524573085 -893.42404668704261894 8004.9323291743748996 14517
112000000 309.28017076310885614 12905.75427242819751 4543.5086901441054579 -2570.3376562708253914 -954.89509926095047376 8068.7414456758815504 14513
113000000 307.66026327863949064 12838.158189927837157 4270.86031373777314 -2651.4838296372804507 -972.40207459252633271 7894.7462179675803782 14512
114000000 307.54993103192038006 12833.554206229275223 4271.4937402641926383 -2656.2177417485263504 -975.212168255471056 7902.9236502681887941 14517
115000000 310.175394946853487 12943.110509349680797 4408.0567174869420342 -2654.5667276238241357 -985.32734400790809559 8047.9507891186749475 14525
116000000 312.65873450953705515 13046.736196350291721 4342.564231962642225 -2677.077472322873291 -977.92759846214994468 7997.5693027476663701 14521
117000000 308.40062608429673219 12869.052315531434942 4372.0437258991414637 -2668.2449674838380815 -998.45507524718368586 8038.7437686301627764 14522
118000000 310.91551778447126253 12973.994621480565911 4398.4383663884309499 -2703.1185840599846415 -976.3032221796433987 8077.8601726280594448 14522
119000000 309.68162303811135416 12922.506217438141903 4447.5412789775709825 -2685.8806038191692096 -885.98824846687182344 8019.4101312636121293 14516
120000000 314.22236931954137162 13111.984112438605734 4570.5263592178025647 -2671.4189682011265177 -900.47148788414301634 8142.4168153030723261 14515
121000000 311.67117224444291423 13005.526842738709092 4570.4805853646594187 -2635.7272633786656115 -877.1029851419782517 8083.3108338853025998 14512
122000000 309.00139192643388242 12894.121288801723495 4555.0429617751578917 -2668.4481350197688698 -867.63784172132341155 8091.1289385162499457 14516
123000000 310.87919855202790131 12972.479079478242056 4388.2844622294132932 -2720.8629859053135078 -1045.1951167728284418 8154.3425649075561523 14521
124000000 309.38550034647869325 12910.149503190112227 4458.5643216477528767 -2700.5717979166674922 -967.43169199016915627 8126.5678115545888431 14528
125000000 311.74338005483411962 13008.539956237578735 4275.6579013682603545 -2692.3353415799124377 -1057.9224105914192933 8025.9156535395932224 14529
126000000 314.45173612007130259 13121.555212837924046 4433.0742526509375239 -2627.7202078230657207 -1000.3678955905329531 8061.1623560645357429 14533
127000000 305.79258105646391641 12760.222874000832235 4430.5174032884442568 -2637.1622842915257934 -1008.1648438187662578 8075.8445313987367626 14528
128000000 313.05214488950309715 13063.152566269956878 4417.2342395750911237 -2677.6388158146091882 -1005.7536465382429469 8100.626701927943941 14523
129000000 310.43571600699237933 12953.973280234089543 4403.67781531784658 -2651.3655743320114198 -1009.7731585296769481 8064.8165481795358573 14522
130000000 310.64147703291183689 12962.559350374982387 4636.6180119703039963 -2579.0152701540773705 -838.48394897029436379 8054.1172310946767539 14522
131000000 310.98517532223144144 12976.901316285271605 4404.1404789555490424 -2635.5378057262332732 -972.86721761651642737 8012.545502298298743 14517
132000000 312.02228699651129773 13020.178285475689336 4455.8767509284798507 -2628.1067335503034883 -972.20122757242972966 8056.1847120512138645 14524
133000000 307.72775378954281678 12840.974458255966965 4453.9304028885717344 -2639.7416246596121709 -984.21973991366087375 8077.8917674618442106 14514
134000000 310.07533980187781708 12938.935372251295121 4345.6774130847625202 -2641.3981003372045961 -1009.6195387357114441 7996.6950521576782194 14521
135000000 312.68861768626118192 13047.983172303291212 4446.7513203264952608 -2680.3098828700995 -955.69602104314606095 8082.757224239740026 14526
136000000 311.96596451616750301 13017.8280407460079 4465.1840136954451737 -2598.2659060417972796 -989.62904845574610135 8053.0789681929882136 14524
137000000 308.74818679343542271 12883.555453885981478 4335.6440197373112824 -2654.4207115697431618 -1026.3294986526955199 8016.394229959749282 14519
138000000 307.64313910009781239 12837.443626042830147 4624.1864701821232302 -2642.3263211862113167 -861.74849742098331262 8128.2612887893174047 14521
139000000 312.17678794618052507 13026.625356706825187 4437.7000773748604843 -2628.2328584916167529 -911.74265538181634838 7977.6755912482931308 14520
140000000 308.88600622180456412 12889.306432592795318 4555.755519032743905 -2616.5110577426476084 -954.5222638396843422 8126.7888406150759693 14524
141000000 307.36422577957540625 12825.805030625970176 4346.8410957153655545 -2653.3357983887317459 -1008.8529532569910998 8009.0298473610873771 14520
142000000 308.43380882742604854 12870.436976978871826 4665.5569105339855014 -2638.9250510091064825 -962.76099794136280252 8267.2429594844561507 14522
143000000 308.27820475347436968 12863.943874180673447 4436.5810441150206316 -2696.3426362512182095 -977.44651344154885919 8110.3701938077883824 14526
144000000 312.42298284156356658 13036.898665904438531 4514.0974052899309754 -2663.4488700983083618 -931.91171595235709901 8109.4579913405959815 14527
145000000 310.66292461520686174 12963.454322807758217 4345.7392420220021449 -2645.318725169840036 -1060.1691148267473181 8051.2270820185894991 14530
146000000 310.37055788143356949 12951.254338521017416 4391.1769988034384369 -2643.0213241308729266 -1027.7608152652003355 8061.9591381995123811 14530
147000000 309.92994281869761153 12932.868194610238788 4376.8676345379763006 -2566.0445157875892619 -1041.4795315811825276 7984.3916819067489996 14532
148000000 311.07522016627905259 12980.658739943923138 4452.861667539616974 -2556.4997796796069451 -1048.9636212857221835 8058.3250685049451931 14524
149000000 308.94338305273413425 12891.700673643168557 4403.4489110883050671 -2646.6621472822039323 -1020.866761277408159 8070.9778196479164762 14526
150000000 311.87831941708964223 13014.170754509097605 4408.4923717179281084 -2635.9736795234771307 -1019.5926010762684655 8064.0586523176743867 14526
151000000 311.86955986362869453 13013.805232709803022 4425.7073323093090949 -2644.7797793113413718 -981.94647588218776946 8052.4335875028382361 14523
152000000 309.53962055886341886 12916.580686878818597 4429.7285197031105781 -2576.7786366927557538 -1007.372042352759081 8013.8791987486256403 14520
153000000 312.95628294075032727 13059.152404372649471 4428.5298146930217627 -2678.6382343068644332 -985.88824910072275998 8093.0562981006096379 14524
154000000 311.43274010655989059 12995.577460679796786 4269.4998898884750815 -2727.8924757439790483 -1048.5844927420309887 8045.9768583744844364 14524
155000000 306.19211538956761842 12776.894786440974713 4313.039189479271954 -2719.1625972933015873 -1071.0591852922523231 8103.2609720648251823 14532
156000000 312.52565877950797812 13041.183164395020867 4395.5511971123232797 -2693.0474031071607897 -974.66186465227190183 8063.2604648717560849 14520
157000000 308.7089425264827014 12881.917854990961132 4501.252618650209115 -2661.5893893050870247 -948.87033181707499807 8111.7123397723707967 14527
158000000 309.70656083505480183 12923.546830803859848 4574.9398907700360724 -2668.8100309795863723 -909.19542802428065897 8152.9453497739032173 14520
159000000 310.28561159404341652 12947.709669269484948 4417.844815601103619 -2618.2760159036311052 -974.20583049089020733 8010.3266619956239083 14524
160000000 308.70245824395715317 12881.647276516107013 4401.468443652715905 -2658.6081371432692322 -981.50866641726952366 8041.5852472132537514 14526
161000000 310.94966734122800744 12975.419626474993493 4413.9705341622266133 -2664.9413824722855679 -970.8646077498960949 8049.7765243844087308 14524
162000000 313.87075516652942042 13097.311830519322029 4368.8472420342604892 -2701.9257074972178998 -949.46114747206956963 8020.2340970035484133 14523
163000000 309.80754326586850311 12927.760662019416486 4297.8705392745623612 -2717.139283214981333 -1046.6814909617935427 8061.6913134513379191 14523
164000000 307.77925864845229853 12843.123671544622994 4370.289832922554524 -2614.6018866133317715 -1024.8514445302625973 8009.7431640661488927 14525
165000000 307.63667415568005481 12837.173854515496714 4299.7898230720620631 -2669.3650941223831978 -1046.0546958283621279 8015.2096130228073889 14527
166000000 314.77931096034041047 13135.224373663566439 4554.8449483390550085 -2568.9360105609353013 -979.8361491992768606 8103.6171080992671705 14526
167000000 309.31397327600774361 12907.164795851627787 4408.7465317498681543 -2664.778853207724751 -993.47145899677457237 8066.9968439543663408 14530
168000000 311.69979288518658223 13006.72113513594195 4497.2838478489029512 -2588.3094805964565239 -979.62146800011737469 8065.2147964454770772 14529
169000000 309.51957767951262213 12915.744330396037185 4385.8754742333439935 -2603.1251619121176191 -1001.9873224704505219 7990.9879586159122482 14525
170000000 312.2361496648178445 13029.102423865810124 4452.0732485487751546 -2593.778216279904882 -959.62391782312954547 8005.4753826518099231 14520
171000000 310.4688700275607971 12955.356743136168006 4244.3215941067765016 -2664.4486395383992203 -1104.1074442154267672 8012.8776778606024891 14533
172000000 313.76960240067160157 13093.090891501744409 4428.6632809862594513 -2572.2362966575328755 -1031.7919020975191415 8032.6914797413101041 14527
173000000 309.4365108083695759 12912.278086102049201 4460.3348190691349373 -2617.0964747779980826 -1046.8812669138974343 8124.3125607610309089 14530
174000000 312.35448655012351082 13034.040428004100249 4621.313735696353433 -2635.8165216087095359 -860.00174531283403212 8117.1320026178964326 14519
175000000 310.35276577181321045 12950.511902967577043 4451.2859202630752407 -2608.7893023826482022 -977.65066673083981641 8037.7258893765638277 14520
176000000 306.5365959541629195 12791.269395415502004 4322.6340872021273753 -2651.5089200429893026 -977.09900106791974395 7951.2420083130364219 14521
177000000 308.34299093068693765 12866.647295099293842 4459.0321942498576391 -2634.1658905080503246 -939.25793755416134445 8032.4560223120697628 14520
178000000 311.31410163016710158 12990.626871640082754 4520.4790603341116366 -2649.85015740077597 -1006.5677188920761864 8176.8969366269648162 14524
179000000 307.78161955012598128 12843.222188099327468 4318.0261676181235089 -2634.7731726075835468 -1106.4405555123516933 8059.2398957380582942 14526
180000000 313.47175096136049888 13080.662039448430733 4413.8951898411523871 -2624.4029294731999471 -1055.6130560998810779 8093.9111754142340942 14522
181000000 311.4010315203661321 12994.25431338350063 4607.4851899229370247 -2651.2893187138761277 -942.77450698271024976 8201.5490156195246527 14522
182000000 311.91874763187837516 13015.857757605510415 4367.8607385654104291 -2610.5188008479381097 -904.21763861033321064 7882.5971780236814084 14520
183000000 310.84655087137554119 12971.116745310409897 4670.712457003698546 -2615.2539694252936897 -940.88623919431620379 8226.8526656233079848 14522
184000000 308.84881757981435157 12887.754611556008967 4472.3390380078144517 -2608.6679579666588324 -1020.5978649750361456 8101.6048609495101118 14531
185000000 305.87349016368449384 12763.599078345307134 4294.6257974082072906 -2609.2941397296272044 -1040.0626126898878283 7943.9825498277223232 14531
186000000 313.50011471390166662 13081.845612322298621 4554.0140360338627943 -2588.2131955504155485 -951.51976748598849554 8093.7469990702666109 14526
187000000 310.92976628825215357 12974.589188174228184 4514.9977788657060955 -2589.8763808067737955 -1044.0863307234499189 8148.9604903959298099 14527
188000000 308.3006978441644037 12864.88247396402403 4494.6561537508987385 -2605.1472184145359279 -946.05524512117517588 8045.8586172866098423 14529
189000000 313.31053878589341366 13073.934919771898421 4419.0096835209824349 -2544.730700452464589 -1042.8563235843453185 8006.5967075577927972 14526
190000000 310.79205516063007053 12968.842728679963329 4516.517187348625157 -2533.5386481087880384 -987.6348148615664968 8037.6906503189793511 14523
191000000 308.93921794602391628 12891.526870571386098 4535.4366788414017719 -2566.6721835658436248 -870.53076180244988791 7972.6396242096943752 14513
192000000 308.91521429349978689 12890.525237520185328 4557.1702203238219226 -2552.8225616481968245 -829.59072263728501184 7939.5835046093043275 14513
193000000 307.22258349449134585 12819.894530378347554 4565.3390619605797838 -2571.7685432510006649 -893.36399616857204364 8030.471601380152606 14520
194000000 309.90962305345323102 12932.020284133241148 4350.0407856976498806 -2530.9078923025990662 -1056.3564460395118658 7937.3051240397617221 14517
195000000 308.99964963653218319 12894.048585901671686 4576.3369348869937312 -2531.9582858774856504 -891.43715765707975152 7999.7323784215586784 14520
196000000 310.32612923213935119 12949.400403853844182 4451.2893656290161744 -2544.3795878974447078 -941.22385223783476249 7936.8928057642960994 14519
197000000 309.00564456304198302 12894.298744352587164 4381.9600940750669906 -2551.3114028150321246 -1022.4396686248742299 7955.7111655149728904 14522
198000000 309.35469722789008529 12908.864139571915075 4476.5893265756258188 -2520.3670504275978601 -986.08096498096654159 7983.0373419841898794 14520
199000000 305.90105477924436173 12764.749304543618564 4497.3479547011038449 -2554.3385892722408244 -895.73132166648792918 7947.4178656398325984 14521
200000000 311.24378701671020053 12987.692758144230538 4512.3958768873526424 -2600.1013670267111593 -954.58304260149566289 8067.0802865155601467 14522
201000000 309.34095270770939123 12908.290603287299746 4544.059997217505952 -2612.0284772736622472 -997.36037508088998038 8153.4488495720579522 14521
202000000 310.27179402351009685 12947.133084713466815 4498.1852951856526488 -2493.6451572728910833 -1072.1842223031721915 8064.0146747617163783 14524
203000000 313.58881249844165495 13085.546825397022985 4574.1064909610176983 -2521.1613135767838685 -964.46844589297700168 8059.7362504307793643 14529
204000000 308.64827611802002139 12879.386345265398631 4514.5126908079146233 -2533.3705211321512252 -892.58126329420588263 7940.4644752342719585 14528
205000000 312.55266961599306796 13042.310282300799372 4552.9909696372797043 -2535.1452498624312284 -951.80081939014985437 8039.9370388898605597 14524
206000000 309.37955847678455257 12909.901558713096165 4553.4772145436782012 -2568.6779046588417259 -966.26113505565899686 8088.4162542581798334 14528
207000000 306.61831714930752923 12794.67948685713236 4397.7287532867485425 -2651.1091413962976731 -1085.2596353700917007 8134.0975300531372341 14529
208000000 310.69097307289223409 12964.624738944412456 4569.4873032237210282 -2626.8355653615221854 -872.75602731184710592 8069.0788958970915701 14518
209000000 309.31504934244622973 12907.209698339238457 4441.5550354244624032 -2542.3179489144877152 -985.05609957100091378 7968.9290839099512596 14520
210000000 309.31786078457128042 12907.327015208042212 4672.7971756510978594 -2537.2791431091509367 -954.75123969876131014 8164.8275584590101062 14520
211000000 311.73721014916674221 13008.282496193403858 4599.3841465680252441 -2532.5002145452435798 -963.30687903032526265 8095.1912401435947686 14522
212000000 306.51091980310087592 12790.197971743395101 4349.0215278658433817 -2598.0906754191996697 -1000.0429514837383067 7947.1551547687813581 14519
213000000 309.48629357968917475 12914.355439499991917 4614.8628829609933746 -2522.7535184677772122 -910.23539761663812442 8047.8517990454092796 14517
214000000 314.06262462437769045 13105.318228308304242 4434.6606681246357766 -2583.1842119515113154 -926.96283011279660968 7944.8077101889448386 14521
215000000 310.67492233187766715 12963.954967846855652 4558.3928357727891125 -2516.2229856739090792 -1012.6589026093495249 8087.2747240560483988 14528
216000000 310.00145082384852913 12935.852106384187209 4443.8475162368176825 -2548.6442650025792318 -1037.4213066794836777 8029.9130879188796825 14532
217000000 313.29313205607934378 13073.208565485709187 4576.3432544821989723 -2526.4034573819844809 -970.9628970588419179 8073.709608923025371 14529
218000000 307.60651354404552649 12835.915301658709723 4406.4496193074846815 -2575.2760708197347412 -1033.4303748336731132 8015.1560649608927633 14531
219000000 308.19726780507409103 12860.56650806943253 4543.9524050708350842 -2571.2609860146249048 -943.51367276061387201 8058.7270638460749979 14525
220000000 307.62442581464415525 12836.662751332696644 4569.1574072738594623 -2565.4072170966346675 -982.07534208855622637 8116.6399664590499015 14529
221000000 306.492304509769383 12789.42118608380224 4390.7983573556421106 -2586.74729181449311 -1072.1459017159127143 8049.6915508860474802 14525
222000000 313.9573063670850388 13100.923470165014805 4491.7415150617589461 -2615.1738511198591368 -975.73631334844094454 8082.6516795300594822 14523
223000000 310.06334902521598451 12938.435016807390639 4500.0460692797933007 -2620.6040174178715461 -984.16995727811138295 8104.8200439757765707 14521
224000000 311.63923272193272851 13004.194058848690474 4404.9784898065427114 -2592.4339289941431161 -1000.8976914674973386 7998.310110268183962 14527
225000000 307.56406620708145283 12834.144043905504077 4520.2566917392196046 -2629.1795291536136574 -926.71823946292715846 8076.1544603557604205 14526
226000000 307.97059346734448582 12851.107759726834047 4546.194379117844619 -2657.8451516289492247 -920.13218725139904564 8124.1717179981915251 14525
227000000 311.87060507090410511 13013.848847495151858 4495.3900220018995242 -2625.524962179951217 -902.35154946131126508 8023.2665336431618925 14526
228000000 309.71351826634082727 12923.837153000473336 4448.6293248915308141 -2658.6955503689214311 -947.63798070356210701 8054.9628559640141248 14521
229000000 312.74989461443897198 13050.540158015244742 4431.7097589369268462 -2627.3548294937463652 -999.23248737239919137 8058.2970758030733123 14524
230000000 307.36225953160101199 12825.722982322860844 4603.6593609227220441 -2540.1545076833399435 -878.82330297152293497 8022.637171577585832 14519
231000000 310.98200887554094152 12976.769185658196875 4385.6563796951822951 -2567.9963633267279874 -1054.4286372282747379 8008.0813802501852479 14524
232000000 309.85545783221249394 12929.760058287789434 4672.4455873220722424 -2561.8554348304887753 -887.06414274180758639 8121.3651648943687178 14512
233000000 309.77441728185971215 12926.37836903698917 4561.2797212526129442 -2560.7691948965302799 -938.42113481989258617 8060.470050969035583 14510
234000000 312.06056338392875205 13021.775496345131614 4500.3565113218710394 -2552.009579922136254 -990.386758712429355 8042.7528499564368758 14511
235000000 308.03486923910793394 12853.789882263185063 4569.8508717102240553 -2561.738210192896986 -911.03088039076112636 8042.6199622938811444 14509
236000000 309.26191686550777149 12904.992567219705961 4537.0154264048633195 -2503.4313345288019264 -926.73188681839928904 7967.1786477520645349 14511
237000000 309.59575536136560459 12918.923100119980518 4578.3802948109987483 -2540.5230602638202981 -968.18191734698109485 8087.0852724217993455 14514
238000000 313.2317923288034649 13070.64895927039106 4464.4133553527099139 -2580.7941560582853526 -936.80963688867564088 7982.0171482996702252 14512
239000000 306.80599151851208717 12802.510830477420313 4537.7567532778866735 -2545.4869258666731184 -1065.6109709596489665 8148.8546501042092132 14519
240000000 309.31216941732151327 12907.089523787177313 4581.0752096914320646 -2539.3679484170315845 -938.1430511380885946 8058.5862092465522437 14514
241000000 308.80761688513251784 12886.035374140610656 4495.9575972363891196 -2526.8631077686177377 -941.05413656122277644 7963.8748415662303159 14516
242000000 313.2574398286176347 13071.719187372913439 4664.8291202355649148 -2529.8589740406446253 -821.13729922337131484 8015.8253934995809686 14515
243000000 313.90352300020111898 13098.679178475589651 4531.3343262071539357 -2549.1014743307005119 -912.83722004397679939 7993.2730205818315881 14508
244000000 313.27947490044181222 13072.638674780193469 4531.0597809525606863 -2556.2777358075272787 -872.16220429735335529 7959.4997210574401834 14515
245000000 307.51403549480716038 12832.056344338170675 4443.5821216220247152 -2589.7656834536255701 -997.3517368017771787 8030.6995418774286009 14526
246000000 309.30275957861977076 12906.696866651325763 4489.1100771595274637 -2544.7886051177229092 -1035.8675031416498769 8069.7661854189009318 14527
247000000 307.32097550390790275 12824.00026755757608 4486.0112022586090461 -2593.1574423662177651 -956.58644883563260919 8035.7550934604596478 14527
248000000 311.15929523200094309 12984.1670545441375 4480.4550297589685215 -2609.4137927609654071 -929.0843261038548917 8018.9531486237883655 14526
249000000 310.73701468435388051 12966.545979877397258 4577.1841583275490848 -2604.4388108601619933 -892.22402300952285259 8073.8469921972337033 14527
250000000 309.74649486693346034 12925.213212457949339 4407.5995019067759131 -2578.9099069538879121 -974.27424477701799788 7960.7836536376817094 14529
251000000 305.04262921605521797 12728.92861370412902 4492.6176396019773165 -2614.6668568255890932 -1023.9281069265788346 8131.2126033541462675 14527
252000000 312.69085988359154271 13048.076735520437069 4456.3291896903756424 -2615.7562767174676992 -1001.3456447015212234 8073.4311111093647924 14530
253000000 306.28762586117591127 12780.880281773504976 4466.9196061655011363 -2655.2174961766968408 -960.22460779073276171 8082.3617101329300567 14529
254000000 313.76833248485996819 13093.037899997725617 4512.1670916972143459 -2551.7941050809095032 -1040.3735968035803126 8104.3347935817037069 14533
255000000 316.0048823666103317 13186.365458375230446 4500.4649736695719184 -2565.5563153733482977 -1072.0182673165825236 8138.0395563595029671 14532
256000000 311.42022578648004583 12995.055258627726289 4532.5168005732393794 -2611.9444190641784189 -938.59545487057880564 8083.0566745079959219 14529
257000000 310.07348809612068408 12938.858103607049998 4637.613714644450738 -2527.4123453317306485 -857.99228437672263681 8023.0183443529040233 14524
258000000 310.44952284318088687 12954.54941686350503 4569.9769662445642098 -2534.3517911447506776 -879.78304550862912947 7984.1118028979435621 14525
259000000 309.02940715432748675 12895.290318313665921 4248.291324000008899 -2580.6208089601777829 -1092.4254985709751509 7921.3376315311616054 14528
260000000 309.00287196999693151 12894.1830485921746 4362.6024651219813677 -2583.8362447728500229 -949.16665551457913352 7895.6053654094112062 14523
261000000 310.3028086631638871 12948.427274758796557 4548.7313725928916028 -2512.0853621527212454 -979.85885322200260816 8040.6755879676147742 14523
262000000 305.95025395901825505 12766.802305623512439 4510.710321958627901 -2538.5642074357210731 -1000.8466132704224947 8050.1211426647714688 14531
263000000 310.69640389181228102 12964.851358110803631 4508.6300770133602782 -2605.8521485439778189 -1006.2749774336488144 8120.7572029909879348 14534
264000000 310.1381172693555186 12941.554973007183435 4468.3702432897025574 -2577.8361567775309595 -1113.6416429785831497 8159.8480430458166666 14534
265000000 308.80450506086890528 12885.905522817824021 4463.1823573999663495 -2597.0840935203991648 -965.74305597659395062 8026.0095068969585554 14531
266000000 306.46277106387117328 12788.188803824570641 4432.8666460184922471 -2535.6317408709401207 -973.12229944329385489 7941.620686332726109 14523
267000000 308.49081750201185059 12872.815855468836162 4590.7415913300937973 -2603.8205845798688642 -890.72401347220761636 8085.2861893821700505 14519
268000000 307.11789403913763863 12815.526011108664534 4432.9516973261233943 -2604.8593907843742272 -1008.6321010103960134 8046.4431891208942034 14529
269000000 311.00028418244937711 12977.531784241971764 4625.8337987752593108 -2617.0716637336895474 -864.81002803810758905 8107.7154905470561062 14517
270000000 311.66139700105890142 13005.118937864768668 4493.7185375174376532 -2603.9758698335845111 -955.54634597557515008 8053.2407533265959501 14524
271000000 313.11067822285014017 13065.595066269421295 4563.5508718929522729 -2525.3357933545476044 -1027.2049593842639297 8116.0916246317628975 14521
272000000 309.35917321803930236 12909.050915299725602 4353.7791648287911812 -2585.9116708458518588 -1047.949656055207015 7987.6404917298486907 14523
273000000 308.80417500387778773 12885.89175008091479 4427.2020929210575559 -2639.8961184420641075 -989.87052654715284916 8056.9687379102761042 14524
274000000 307.1211254917229212 12815.660854325111359 4439.9926461697195919 -2641.8138545461401918 -987.30582798403634115 8069.1123286998954427 14525
275000000 308.83966450944058124 12887.372668941354277 4447.1684566319127043 -2634.4170769062893669 -971.3527667771365941 8052.9383003153379832 14530
276000000 308.76125244103911882 12884.100661931383002 4421.6339294847157362 -2594.9032676470960723 -961.01859323842825233 7977.555790370239265 14530
277000000 312.04065332938569099 13020.944682423731138 4461.8863171587763645 -2588.2246701882186244 -1035.0089266199274789 8085.1199139669215583 14528
278000000 309.41839752090186266 12911.522248323804888 4470.2198440424481305 -2638.8727391850425192 -898.56975445717057482 8007.6623376846609972 14526
279000000 308.12120058950205248 12857.392347922215777 4325.3757453810949301 -2643.0974448725573893 -1016.1369623739713006 7984.6101526276243021 14530
280000000 309.92219048478824561 12932.544702430881443 4483.4520165008971162 -2622.3197468657608624 -1054.7706784578635961 8160.5424418245220295 14522
281000000 309.72576065075799079 12924.34800762334271 4572.9175614100440725 -2615.0188280137354013 -870.14246064032511185 8058.0788500641046994 14519
282000000 308.43937151550886711 12870.669098829146606 4483.0074982405476476 -2576.1268059320618704 -1001.8753662318463284 8061.0096704044553917 14521
283000000 310.46010387342181502 12954.990945901405212 4481.5016851040809343 -2584.7208350778782915 -957.54691107303256103 8023.7694312549920141 14522
284000000 308.45637047870161496 12871.378437683009906 4412.3085301434684879 -2636.0111474694685967 -996.39389877413145769 8044.7135763870683149 14523
285000000 308.44719622605862241 12870.995611167001698 4394.0736649578639117 -2576.9761375622742889 -1080.5909801279735802 8051.6407826481117809 14528
286000000 308.51539526178225969 12873.841445073825525 4476.5716522490256466 -2599.1866059442932055 -1010.9217994300729515 8086.6800576233908942 14525
287000000 308.97136825291198647 12892.868450147783733 4449.5206833097699928 -2638.6623646002472015 -1011.9023307358845614 8100.0853786459010735 14524
288000000 311.35042591438957515 12992.142624444863031 4582.4951470726336993 -2597.8513889508831198 -994.70719303708540338 8175.0537290606025635 14524
289000000 308.62279391056193845 12878.323014541798329 4671.2304622654091872 -2573.1177862275508232 -874.43879653184990275 8118.7870450248110501 14521
290000000 308.05535636371786268 12854.644776372017077 4456.3536173002930809 -2566.3412163486909776 -975.55926202396801727 7998.2540956729517347 14523
291000000 310.62427762136962883 12961.841647140254281 4545.1595905641142963 -2539.5974503497382102 -929.3042954169920904 8014.0613363308439148 14521
292000000 311.59046619513486576 13002.159111667886464 4649.116596510420095 -2535.2384704738597065 -867.60516808959016544 8051.9602350738696259 14518
293000000 309.08096238975679171 12897.441633731870752 4598.739347740388439 -2556.4271541604966842 -899.18491817628705576 8054.3514200771714968 14520
294000000 312.8262333013440184 13053.725646215943925 4341.8562071566911982 -2607.6979511018853373 -1071.4850674842286935 8021.0392257428056837 14521
295000000 305.95610223019286877 12767.046344387821591 4295.8920469708318706 -2629.9838416057791619 -1064.298074170709242 7990.1739627473198198 14520
296000000 309.8559612437778128 12929.781064826758666 4419.0294423906889278 -2623.309577921554137 -1053.8456356143083212 8096.1846559265522956 14527
297000000 312.0142701805044112 13019.843756892181773 4356.0529471705476681 -2617.5614216172666602 -1059.4251207811585118 8033.0394895689732948 14527
298000000 312.68181957124784276 13047.699498113441223 4501.6662462135836904 -2572.8919522743672132 -1030.5284798904856416 8105.0866783784367726 14530
299000000 309.60258389040114935 12919.208043437094602 4320.4638552455171521 -2618.3928711920761998 -1084.8027640594391414 8023.6594904970315838 14527
300000000 306.82335200789503915 12803.235255226256413 4608.3613421994668897 -2555.5190906540337892 -917.77407734934342898 8081.6545102028439942 14518
301000000 306.56185298554493102 12792.323329910761458 4448.1226971783489716 -2573.6206761213761638 -981.18792194004015528 8002.9312952397649497 14525
302000000 312.92447724963693645 13057.825205047320196 4488.8801274728439239 -2640.6120043003211322 -981.62351458513262514 8111.1156463582974538 14524
303000000 307.30911433874712202 12823.505320589034454 4618.6731585608431487 -2625.919116593121089 -981.48100961397926767 8226.0732847679428232 14522
304000000 307.54621602768554567 12833.399185195570681 4411.0972704919840908 -2685.1495404314523512 -943.85569121198784615 8040.1025021354244018 14524
305000000 307.1397582075809396 12816.438366998161655 4502.8658699097213685 -2580.1747857775544617 -988.70410353003398995 8071.7447592173111843 14522
306000000 311.40196264793115688 12994.293167809637453 4461.9574990691444327 -2601.3813963948869059 -924.56115014882902869 7987.9000456128596852 14529
307000000 311.84811275703935962 13012.910280127445731 4359.0629653016194425 -2665.945339936192795 -1068.2775456571739596 8093.2858508949866518 14533
308000000 314.32476633253662612 13116.256971848526518 4414.6657231819590379 -2671.5751136676635724 -954.96987931083424428 8041.2107161604562862 14528
309000000 313.07368493298525891 13064.051396956425378 4472.5514650675258963 -2588.996447182898919 -936.69682175929710866 7998.2447340097223787 14533
310000000 316.3454739369658455 13200.577785998508261 4261.7833611461865075 -2630.4011216441181205 -1052.1480434500726915 7944.3325262403768647 14537
311000000 308.05537798022857032 12854.645678393555499 4353.2960053826882358 -2672.1034157551403041 -948.41268621954907303 7973.8121073573765898 14527
312000000 308.0067656525163784 12852.617165687694069 4498.681501046383346 -2601.5592051640160207 -997.70014253235081014 8097.9408487427508589 14524
313000000 310.22346296158832502 12945.116308767732335 4397.85259209159085 -2658.652705938084182 -994.28488637775501502 8050.7901844074294786 14528
314000000 311.06242530821060654 12980.124831501703738 4518.5114690448635884 -2641.4563102465426709 -933.88843284087056418 8093.8562121322765961 14527
315000000 311.13032019145634877 12982.957973624466831 4375.0835298286456236 -2645.0837119024909043 -1014.9054878968540834 8035.0727296279901566 14529
316000000 311.38416706230805175 12993.550587208304933 4456.0963125426223996 -2621.0443094976076281 -1041.1406635896594253 8118.2812856298896804 14520
317000000 310.58263166549232892 12960.103829705443786 4508.0897000503437084 -2674.6134224637553416 -915.38450027985845736 8098.0876227939570526 14519
318000000 307.98237936087127764 12851.599565733546115 4576.6896377299917731 -2598.3686926415434755 -973.69815345235360837 8148.7564838238886296 14521
319000000 307.46982745689757621 12830.211615422251271 4570.4429856372034919 -2635.2270683790870862 -969.55978768976763149 8175.2298417060574138 14524
320000000 310.41209149970302406 12952.987468291696132 4456.8419788556739149 -2677.1965120256245427 -920.72464952931102289 8054.7631404106105037 14518
321000000 309.24147283043743073 12904.139471166687144 4403.9729197028027556 -2658.5611670464322742 -917.19809974067425173 7979.7321864899085995 14519
322000000 310.03854428967423473 12937.399955875729574 4550.8419303170667263 -2647.41086294671004 -936.5323544902004187 8134.7851477539770713 14513
323000000 312.38106772856599491 13035.149616984446766 4485.2592443301491585 -2654.711675091552479 -898.35628549904561169 8038.327204920748045 14519
324000000 309.29178281333207678 12906.238824238973393 4428.0287033395397884 -2664.4991944177236292 -971.530180833175109 8064.0580785904385266 14522
325000000 307.19033842643074195 12818.548996573637851 4475.8792361759742562 -2613.3672342906734229 -957.56917532664260762 8046.8156457932900594 14522
326000000 307.66856730248161966 12838.504703223256001 4160.9923122461077583 -2719.6294646750584434 -1096.8601474218098701 7977.481924342975617 14529
327000000 311.42346954373135759 12995.190615297704426 4351.7058595887301635 -2635.4368830679973144 -964.53604510920797566 7951.6787877659335209 14522
328000000 309.78362463571079388 12926.762576812121551 4583.4755544006629862 -2705.0060303075324555 -946.37235190048022559 8234.8539366086752125 14517
329000000 311.60114433064904915 13002.604692749577225 4421.1644671831581945 -2693.7241771605595204 -943.42376286259946028 8058.3124072063164931 14525
330000000 303.61622566704249948 12669.407133062622961 4415.76192270840329 -2605.1458413264090268 -1014.9029993295812346 8035.8107633643930967 14521
331000000 305.83098309125568903 12761.825327929131163 4520.7756513753711261 -2604.7972565142408712 -917.76568569929008845 8043.3385935889018583 14529
332000000 307.48969371700752617 12831.040601873786727 4394.4161706318209326 -2631.379914277806165 -982.83137648045192236 8008.6274613900804979 14521
333000000 309.98589126990168552 12935.20283171736628 4458.4148748029510898 -2656.8574556396588378 -922.51492941544961468 8037.7872598580597696 14526
334000000 312.12645403534577326 13024.525005160845467 4324.24199632487489 -2724.4638566464277574 -909.97053959485378982 7958.6763925661580288 14518
335000000 307.10103820375542227 12814.82264474358999 4326.2771728953393904 -2686.1873586720093954 -986.38552170252387441 7998.8500532698726602 14519
336000000 308.30516631728823995 12865.068936018693421 4418.6195740126941018 -2735.406606766708137 -983.33087652665062706 8137.3570573060533206 14522
337000000 308.31901249127008668 12865.646714149706895 4506.8503241916168918 -2664.6185817436526122 -918.63818838595523175 8090.1070943212243947 14523
338000000 310.68589880113393065 12964.412997906301825 4425.501747511449139 -2733.1912205498392723 -962.36372850650411692 8121.0566965677935514 14518
339000000 308.88961171842788644 12889.456884053475733 4348.6705427294136825 -2659.4599054675568368 -977.02750440604063442 7985.1579526030109264 14525
340000000 311.28296564069336227 12989.32761786579249 4257.6905129849128571 -2635.9656565732370836 -1075.1611548813505124 7968.8173244395002257 14527
341000000 311.28781189022657827 12989.529843910431737 4363.8467371476681365 -2705.0052268221738814 -982.09002090171134114 8050.941984871553359 14525
342000000 310.69744169659884392 12964.894664002433274 4315.2514946855790186 -2691.2345990249664283 -1032.1637702560551588 8038.6498639666006056 14520
343000000 313.16038909953357461 13067.6694196221124 4432.4883839813519444 -2675.402937199473854 -928.54862890354525007 8036.4399500843719579 14527
344000000 308.1244388176346547 12857.527473871137772 4306.4567389310404906 -2667.2174932732586967 -1055.0330708293499811 8028.7073030336487136 14525
345000000 306.16914364546414618 12775.936213235725518 4314.0236222761959652 -2712.40879973396477 -1000.0818111714212364 8026.5142331815832222 14523
346000000 307.19172467164690943 12818.606842312914523 4440.8965086381567744 -2751.2454330704931635 -1013.2431955076710892 8205.3851372163226188 14520
347000000 309.30748578299602514 12906.894083408451479 4385.2560890071272297 -2778.2715770305430851 -960.98071832282130345 8124.5083843604916183 14522
348000000 312.6987966003788415 13048.407921694881225 4386.7687474555823428 -2668.7344222275969514 -921.20392616686694964 7976.7070958500462439 14519
349000000 312.78509382008053308 13052.00896313609519 4295.3230106741084455 -2689.8306652951746401 -994.01558946526859017 7979.1692654345515621 14521
350000000 308.16037311591276193 12859.026953202079312 4329.4114334400182997 -2658.8731943341272199 -966.72765658058142435 7955.0122843547260345 14527
351000000 310.22528959635656065 12945.192531240727476 4271.6667467371016755 -2714.7621909549025077 -1029.0347789622451273 8015.4637166542488558 14531
352000000 306.30642126383622781 12781.664583099991432 4359.1971038432920977 -2683.1954236733890866 -985.87851265956624047 8028.2710401762487891 14525
353000000 310.92000212378979995 12974.181745605519609 4373.7955281625609132 -2654.3939237745680657 -986.79339216192192907 8014.9828440990513627 14523
354000000 309.36531554033791735 12909.307224335161663 4522.6185515985698657 -2715.8309782669393826 -970.06116252263018396 8208.5106923881394323 14523
355000000 312.05319539529722306 13021.468042263850293 4486.346216945166816 -2655.8037883942902226 -1033.2374569433243323 8175.3874622827806888 14529
356000000 309.27409235265400866 12905.50063032917933 4369.5075751594467874 -2728.2461396481862721 -1057.2183819449123803 8154.9720967525445303 14526
357000000 309.83661756502220896 12928.973884838049344 4362.8617096851976385 -2696.8699552505736392 -1017.8229957153487248 8077.5546606511197751 14526
358000000 313.93898749325029485 13100.159053604860674 4396.2773638504659175 -2664.3046056928797043 -982.07628231439787214 8042.6582518577433802 14523
359000000 309.3054456236844203 12906.808950906462996 4461.5958917427160486 -2679.3597904309604019 -989.95913143984364524 8130.914813613521801 14528
360000000 313.51180641466640964 13082.333487819534639 4405.1261798915265899 -2758.521731989939326 -959.78158029043436272 8123.4294921719010745 14525
361000000 310.55821939322191838 12959.08514562241362 4557.7438186384824803 -2710.0959029286618716 -885.55170936363288092 8153.3914309307774602 14520
362000000 309.43092162471043594 12912.044858634828415 4342.7731745507280721 -2666.5485801710419764 -1069.542229849127807 8078.8639845708985376 14527
363000000 305.84394295293952837 12762.366121701597876 4388.8156231901330102 -2638.0045617645146194 -963.29518664379338588 7990.115371598441925 14528
364000000 311.37610934854620837 12993.214352028560825 4450.9010192128698691 -2646.3864712429995052 -966.89533062927307583 8064.182821085141768 14526
365000000 309.73258751006204648 12924.632881265300966 4359.5652845000595335 -2686.3908659409107713 -968.1752362394094007 8014.1313866803793644 14529
366000000 307.88877486097243263 12847.693603474448537 4418.198478289457853 -2679.9444064352851456 -997.46234575290213797 8095.6052304776449091 14528
367000000 309.70252297077934145 12923.378337350186484 4421.0928686467304942 -2650.6982219073956912 -1054.9036188662639688 8126.6947094203896995 14528
368000000 310.18809096632554656 12943.640293419381123 4341.9880615777874482 -2687.2106791505348156 -991.46205577125260788 8020.6607964995746443 14529
369000000 310.58496367130106819 12960.201140483097333 4541.9202345809626422 -2612.5929235157777839 -988.69416689808122101 8143.2073249948216471 14535
370000000 310.35208783240062758 12950.483613667785903 4320.1960343410555652 -2684.2203505224097171 -1063.4213338249055596 8067.8377186883708418 14534
371000000 309.80711123230003068 12927.742633967185611 4410.6738238770221869 -2665.1016614185655271 -991.7955518432545432 8067.5710371388413478 14527
372000000 313.36351006480106207 13076.14532436198715 4339.0396310882752005 -2719.7513150047789168 -1028.8862366009934703 8087.6771826940475876 14528
373000000 311.06175474239398682 12980.096849889976511 4314.0569146294255916 -2717.1259464366057728 -1061.804494808860909 8092.9873558748931828 14533
374000000 309.16160634582183775 12900.806773753503876 4413.1403941500002475 -2722.2812378036182963 -968.91180089740942094 8104.3334328510281921 14525
375000000 314.56669761922478301 13126.352367648089057 4142.0948181023077268 -2743.7816664711031081 -1134.9817729879871422 8020.8582575613982044 14524
376000000 310.19532676152283557 12943.942231285462185 4281.9320468657442689 -2760.2667206984679069 -890.86173114791961325 7933.0604987121323575 14522
377000000 309.23430929639289388 12903.840548639993358 4458.2515944780789141 -2683.3822380248957415 -946.45736561998239722 8088.0911981229573939 14519
378000000 310.4695397398979253 12955.384689133594293 4417.2672611422340196 -2674.4610454227258742 -941.79690770579918535 8033.525214270759534 14523
379000000 311.26290272856050478 12988.49042544787153 4299.3963291580193982 -2655.4571636390114691 -1030.4374100224531503 7985.2909028194835628 14533
380000000 312.62082009762707457 13045.154090125095536 4449.1840564392377928 -2610.3380581398423601 -1098.799027882874725 8158.3211424619539684 14530
381000000 309.4758249806258732 12913.918602030735201 4337.5994278144025884 -2658.2331153162081137 -1048.5054805648576348 8044.3380236954681095 14533
382000000 307.91216858547386437 12848.669785229609261 4408.2335097886771109 -2615.4218038191856976 -1051.4275248136375467 8075.0828384215001279 14533
383000000 310.55692442303569578 12959.031108640436287 4415.9360295169890378 -2741.3490750437740644 -988.23162118466814263 8145.516725745432268 14533
384000000 309.77278230393875447 12926.310144089889945 4324.7190613101793133 -2671.7139000925208165 -1062.9722047637612832 8059.4051661664616404 14535
385000000 314.72885346136700946 13133.118864987258348 4324.0427105544440565 -2627.8236887889179343 -1082.1478115335462462 8034.0142108769086917 14537
386000000 314.70283264963092051 13132.03305919050581 4405.4575927699697786 -2651.4422092529184738 -1044.236271145247656 8101.1360731681361358 14528
387000000 309.03510038419153716 12895.52788745836915 4421.4357634288653571 -2658.6774042674351222 -979.93602415191185173 8060.0491918482130131 14525
388000000 308.05733489416076054 12854.727337202391936 4299.8285373091921429 -2668.3368789994838153 -1025.9832801361474139 7994.1486964448231447 14530
389000000 310.91907420156911712 12974.143024933144261 4216.94100516216713 -2710.8447790930858901 -1085.511159626726112 8013.2969438819791321 14536
390000000 310.63321580410354272 12962.21462284613699 4232.5657866737728909 -2643.8918252809762635 -1029.7337355689787728 7906.1913475237279272 14539
391000000 309.28126794289482859 12905.800055941170285 4314.2227334267645347 -2633.4611920836546233 -1052.4774019215162753 8000.1613274319370248 14538
392000000 312.60941702318859825 13044.678258531075699 4421.2349306352280109 -2618.6497223083092649 -1016.878947068986804 8056.7636000125248756 14532
393000000 307.14430695499447665 12816.628178767281497 4348.645924422520693 -2638.6425516599151706 -1035.1957580924929516 8022.4842341749281331 14537
394000000 311.52649109029044894 12999.48953546894154 4324.2183543567725792 -2699.692338823846967 -1094.6500201765857128 8118.5607133572048042 14536
395000000 310.51418467262647027 12957.247648953753014 4453.0794256628505536 -2637.3646035251822468 -908.45803743950841636 7998.9020666275400799 14530
396000000 312.1680773754176812 13026.261878875187904 4378.2171149394980603 -2656.5684899080060859 -988.75044248450353734 8023.5360473320079109 14531
397000000 311.6950241682621936 13006.52214439990712 4441.4536426246031624 -2620.1537237827878926 -1040.346469189655636 8101.9538355970453267 14529
398000000 311.97578239116938903 13018.237724567441546 4346.2205284793744795 -2658.306363626807979 -1043.4496585671656703 8047.9765506733465372 14525
399000000 307.09188676262374429 12814.440770114535553 4508.9885565647718977 -2621.5822572763981952 -935.28965206804775789 8065.8604659092179645 14528
400000000 314.12977317434371116 13108.12022716737556 4311.5324351036115331 -2654.4519958310111178 -1080.2479532439590457 8046.2323841785801051 14529
