# Steps Temp KinEng PotEng Epair Ebond Eangle Bonds
1000000 308.85800026947629249 12888.137790134980605 4235.7194106525021198 -2718.7083179994165221 -1017.5495895372715722 7971.9773181891905551 14529
2000000 312.72088903448292285 13049.32980273602152 4204.4846013618916913 -2732.4548212346098808 -1031.244074533570938 7968.1834971300731922 14533
3000000 308.22484224274506914 12861.717144128329892 4176.0905493927366479 -2737.9633199416934985 -1102.5082784558694584 8016.5621477903005143 14537
4000000 311.4116301331523573 12994.696576112179173 4171.9736689972478416 -2699.672972171681522 -1061.1198244465304015 7932.7664656154602199 14539
5000000 312.36260372993012879 13034.3791446043615 4219.1687003835158976 -2765.4931034789024125 -1006.1869446106162513 7990.8487484730339929 14536
6000000 308.59463132706957822 12877.147836122398076 4096.4591188698859696 -2774.5958828353295758 -1047.4207681078501082 7918.4757698130661083 14529
7000000 309.6246062821750229 12920.127001726672461 4131.7128928345991881 -2684.6543426155794805 -1069.7092141030120729 7886.0764495531902867 14533
8000000 310.24413562504173569 12945.978945108199696 4348.0889640294826677 -2624.4477489039109059 -974.49322969285162799 7947.029942626245429 14528
9000000 309.3964757825125389 12910.607490134882028 4274.1901533784703133 -2708.309704978301852 -1024.4106540753257377 8006.9105124320976756 14526
10000000 312.56420296168903405 13042.791549900735845 4378.3715373746254045 -2690.5717872307377547 -959.07450710371824698 8028.017831709082202 14531
11000000 307.79528451190986971 12843.792404542527947 4272.3655801377371972 -2704.4147411483090764 -1058.0943340468627412 8034.8746553329092421 14535
12000000 309.50604128844645402 12915.179478998017657 4299.1721926788513883 -2677.1684911569323049 -1077.9114942160942974 8054.2521780518773085 14538
13000000 309.46923352178305322 12913.643551263941845 4367.6836269982040903 -2638.4603950241080383 -980.23192803001018092 7986.375950052321059 14537
14000000 307.10173722163648335 12814.851813613300692 4320.6748471402261202 -2685.7785141924700838 -945.22124361191026765 7951.6746049446073812 14531
15000000 309.1234046656052783 12899.212680293025187 4341.9427886415060129 -2668.2874519163215155 -941.73932210462442072 7951.969562662451608 14531
16000000 307.17481904138543314 12817.901398089197755 4503.1410248209358542 -2636.370569300715033 -911.94621156482662627 8051.4578056864775135 14524
17000000 310.28285291271299684 12947.594554022109151 4379.9149598343383332 -2661.7840167598542394 -950.4640401677081627 7992.1630167619005078 14527
18000000 311.40357038388407318 12994.360255994090039 4380.568029984484383 -2715.3608650462524565 -936.64846803763805383 8032.5773630683761439 14530
19000000 309.85155871703847197 12929.59735460655611 4337.1029516710423195 -2667.0065650115507196 -1026.9408943867476864 8031.050411069340953 14526
20000000 308.38827582146672057 12868.536959319328162 4425.1965484624724922 -2631.8050788230552826 -977.4674921124744742 8034.4691193980024764 14529
21000000 305.71617009919486918 12757.034370076375126 4442.2830634119309252 -2634.4089312276150849 -926.82541272511343777 8003.5174073646594479 14528
22000000 307.86077087670156516 12846.525043140440175 4555.2694008777198178 -2617.4026666673507862 -901.89406243645100858 8074.5661299815201346 14527
23000000 309.0998341106604812 12898.229119693483881 4312.5979123721863289 -2650.0396988164684444 -979.85654707188268731 7942.4941582605388248 14530
24000000 310.23933472199809103 12945.778611298197575 4544.279102130112733 -2589.6470535954335901 -906.53554626387722237 8040.4617019894230907 14526
25000000 310.05703617234092917 12938.17159181068746 4454.4297606204827389 -2561.9520389243839418 -1047.2903324316071121 8063.6721319764737927 14527
26000000 308.94468048646825764 12891.754813424960957 4444.0548088615742017 -2488.3248381815274115 -1063.2459444682949652 7995.6255915113961237 14532
27000000 309.29475424618493662 12906.36281725844492 4393.9949885325831929 -2568.510809815815719 -1082.9468165463231344 8045.4526148947215916 14529
28000000 311.39340794790786049 12993.93619420831601 4535.1602179150686425 -2554.9643051998536976 -998.87732322426074916 8089.0018463391825208 14526
29000000 310.0973111727684568 12939.852201523095573 4467.4719851574909626 -2615.8365836841753662 -971.44418802867437535 8054.7527568703408178 14525
30000000 312.94941776358768948 13058.865931789297974 4486.3987686254595246 -2603.5066791149110941 -933.66962342850683854 8023.5750711688770025 14519
31000000 314.27381404005512877 13114.130816250641146 4380.9203925734273071 -2669.7422772124859875 -973.55421481312350807 8024.2168845990381669 14522
32000000 309.58534022403341623 12918.488493521079363 4345.4852852196854656 -2670.8093732158558851 -998.29028294165584612 8014.5849413771975378 14525
33000000 311.78410662039561885 13010.239409022409745 4440.1810374567048711 -2654.4529425955561237 -1036.2963694115344424 8130.9303494637961194 14524
34000000 311.17256170121902414 12984.720642546139061 4417.850034810424404 -2605.4380103546736791 -1002.868735551776922 8026.1567807168758009 14521
35000000 306.73362040447523214 12799.490902585252115 4367.7638970432080896 -2606.0732259925530343 -1056.9865982244477891 8030.823721260208913 14522
36000000 310.44631019790614346 12954.415358445281527 4331.2868764913391715 -2677.9392714359091769 -966.13820602319424324 7975.364353950442819 14524
37000000 308.81108196724869686 12886.179966334202618 4240.5035294170984344 -2704.8066459381784625 -1057.48239957590431 8002.7925749311807522 14524
38000000 312.76094982293477642 13051.001473734015235 4508.6184924972831141 -2679.1780544242919859 -919.04961781509825869 8106.8461647366730176 14527
39000000 311.00874039162249574 12977.884647981652961 4269.7862135072628007 -2656.0290645762452186 -1007.0437125426337843 7932.8589906261422584 14529
40000000 310.99449414883855525 12977.290175635684136 4472.6566095577818487 -2672.6382949751578053 -920.35662959719059018 8065.65153413013104 14520
41000000 307.45934105713166673 12829.774035158870902 4362.4841955116480676 -2652.7065471954688292 -938.47083636365573511 7953.6615790707728593 14519
42000000 309.0183826060207366 12894.830281994298275 4298.3264208513874109 -2756.8656480874942645 -928.13413075988250966 7983.3261996987639577 14521
43000000 310.99271369868796455 12977.215880371035382 4325.7361368755373405 -2700.8190800775018943 -975.49240277741557748 8002.0476197304551533 14527
44000000 310.70623850069239325 12965.261740209531126 4470.2124114185498911 -2680.2664005219730825 -955.3659859853744365 8105.8447979258962732 14529
45000000 309.91580503705677074 12932.278248169883227 4235.5849082448266927 -2676.232649156959269 -1012.6282956975076104 7924.4458530992933447 14527
46000000 309.46524837451755729 12913.477257604632541 4358.1938879430326779 -2694.1652091853329694 -1020.4466808424148212 8072.8057779707796726 14524
47000000 312.10968280334776637 13023.825169156234551 4419.144288251342914 -2646.858995511583089 -1055.0769984230591945 8121.0802821859851974 14526
48000000 311.21587659252764979 12986.528101919258916 4252.9812864812047337 -2627.1526216482443488 -1072.8563219800282695 7952.9902301094771246 14536
49000000 310.05493824245604628 12938.084048637427259 4463.7364315089871525 -2659.4885687977066482 -1035.4824091310424592 8158.7074094377376241 14532
50000000 307.86334859234835903 12846.632606986644532 4306.3645189922744976 -2610.1326820755930385 -1073.7302369598119185 7990.2274380276794545 14533
51000000 310.69770967424466335 12964.905846270081383 4312.4442749780937447 -2672.6441939316396201 -1055.2801714338493184 8040.3686403435840475 14531
52000000 309.34882126992914664 12908.618945483422067 4392.4622149001397702 -2649.494130572233189 -989.38820730042493778 8031.3445527727981244 14527
53000000 311.8077223713602848 13011.22485557773507 4251.4855515569979616 -2631.0014175863152559 -1058.3461702771169257 7940.833139420430598 14536
54000000 305.73289326587001824 12757.732200393895255 4200.887289929558392 -2623.3746044260001327 -1075.6221176732810818 7899.8840120288396065 14540
55000000 313.60921153330605193 13086.398043665252771 4303.8891823649764774 -2613.9508909749238228 -992.04016975718309368 7909.8802430970836213 14539
56000000 306.78474836076577503 12801.624388345782791 4309.4551779900530164 -2656.0458227560275191 -1037.5275747431535365 8003.0285754892338446 14533
57000000 309.8127609855088167 12927.978388902372899 4390.5751465882740376 -2654.9684249803904095 -970.85269015168114493 8016.3962617203460468 14531
58000000 303.6742056299279966 12671.82654182031547 4298.5703316285616893 -2611.96235597837358 -1067.8801534700846787 7978.4128410770190385 14529
59000000 312.67898079024138269 13047.58104043795538 4463.4715227457436413 -2643.0524146918023689 -995.17065472729927933 8101.6945921648457443 14523
60000000 309.7164732003046197 12923.960457548364502 4398.0301882033945731 -2596.3552757396255402 -905.93458972745827396 7900.3200536704789556 14524
61000000 310.12790706668107532 12941.128917995434676 4518.0048175882784562 -2553.3810310717926768 -951.75292356757108791 8023.138772227642221 14525
62000000 308.4103409411092116 12869.457700572786052 4349.4970241556857218 -2635.7390256305811818 -1055.3833640289294635 8040.6194138151950028 14519
63000000 309.67642906726888441 12922.289481553569203 4349.6089674915128853 -2637.3957502950247545 -960.40941536765251385 7947.4141331541904947 14517
64000000 305.3375875638049024 12741.236741791572058 4407.6360976244077392 -2600.8698144118911841 -977.67663817146899419 7986.1825502077681449 14515
65000000 307.87654224619029719 12847.183156522423815 4446.8292980649794117 -2639.4760563301533693 -1007.6972735489379147 8094.0026279440699 14521
66000000 311.43131829019927181 12995.518130615002519 4562.1165738697991401 -2573.6487112472864283 -984.76178419278994625 8120.5270693098764241 14526
67000000 308.02671087478745449 12853.449447100705584 4505.141702129290934 -2650.4615960677565454 -910.55238564207661511 8066.1556838391243218 14518
68000000 312.07744424386260107 13022.479906943703099 4488.3783601882623771 -2617.3028507381086456 -968.6980657564492958 8074.3792766828210006 14523
69000000 310.51436640425964697 12957.255232316745605 4406.5583958869056005 -2625.3863395659054731 -992.33097549095566592 8024.2757109437670806 14513
70000000 311.24538978734904049 12987.759639134268582 4644.9796963151766249 -2576.9146555448314757 -921.65041411957884065 8143.5447659795872823 14519
71000000 309.70341371852873635 12923.415506792844099 4418.2711065282182972 -2620.1626322777528912 -947.07708581221982058 7985.5108246181907816 14521
72000000 312.01406689553255092 13019.835274143715651 4499.9078312252058822 -2613.741554870672644 -1012.2498153201719333 8125.8992014160503459 14522
73000000 309.47528309443293892 12913.895990008655644 4537.4350952890235931 -2550.845249668157976 -952.5043012477586899 8040.7846462049401453 14516
74000000 308.38565263442217201 12868.427498026276226 4554.9617292330804048 -2552.9343594763781766 -974.08370977192589635 8081.9797984813849325 14515
75000000 307.10591286726952376 12815.026056457048981 4501.4282117380571435 -2622.073504550891812 -920.98380878176521946 8044.4855250707141749 14516
76000000 310.87660225478202847 12972.370740252385076 4414.5278881590102174 -2636.3238567854546091 -946.27043597357692306 7997.1221809180415221 14516
77000000 313.78426480937105225 13093.70272976880733 4488.2027675748959155 -2605.1138266525049403 -915.58820390759217389 8008.9047981349940528 14511
78000000 310.1759003268351762 12943.131598027437576 4371.1812619087231724 -2678.7983494297905054 -973.95076211522768972 8023.9303734537406854 14516
79000000 309.26344739248929727 12905.056433600411765 4319.9873434263708987 -2663.6735342672900515 -985.98884129437715274 7969.6497189880374208 14518
80000000 307.96418322564494474 12850.840270854214396 4546.7305272849762332 -2694.7084487513279782 -821.7567413259823752 8063.195717362286814 14515
81000000 308.38063947260644682 12868.21830700584178 4350.7940134868676978 -2684.2247958248249233 -1013.9973219650161127 8049.0161312767086201 14518
82000000 312.45221720518804887 13038.118567950914439 4418.06070091152651 -2659.1336824230052116 -877.34205473655686092 7954.5364380710889236 14517
83000000 306.94224432548668346 12808.196436642871049 4474.9579268451070675 -2692.2628405236573599 -972.47697344838991285 8139.6977408171542265 14525
84000000 308.05095928661376092 12854.461293556154487 4469.9455951549580277 -2629.9727248906528985 -921.0202556891445056 8020.9385757347536128 14517
85000000 308.93461516940828915 12891.334804252275717 4323.3849326151312198 -2663.4881947159592528 -958.39252147192121356 7945.2656488030115725 14515
86000000 313.25028727842931175 13071.420723184524832 4441.8539744142181007 -2634.0084455568803605 -897.49982022897097522 7973.3622402000692091 14521
87000000 310.69031959712270918 12964.59747047232122 4419.2926746541743341 -2677.2412853434507269 -975.89279976751549839 8072.426759765141469 14526
88000000 307.82574719282604292 12845.063562255010766 4283.507144491903091 -2651.5196904991080373 -1066.1369702324805075 8001.1638052234902716 14522
89000000 309.21953687781143572 12903.224119840981075 4475.516760357019848 -2571.177088906431436 -988.756370452284159 8035.4502197157353294 14523
90000000 305.3935340471427935 12743.571296782873105 4529.8206158141665583 -2630.207865854843476 -942.09501691534558176 8102.1234985843548202 14525
91000000 310.20241870647095084 12944.238166516577621 4472.4988064934786962 -2656.9393870366598094 -960.01898864997792771 8089.4571821801182523 14520
92000000 309.61488274378325514 12919.721254417258024 4349.1013685795114725 -2696.3667501456275204 -1048.4799479567466278 8093.9480666818853933 14531
93000000 312.0654100150661634 13021.977738313487862 4493.4535287734361191 -2667.9479747227587723 -901.4320609596857139 8062.83356445588106 14522
94000000 307.3831067525681533 12826.592902662083361 4473.2404121983190635 -2672.0206994781801768 -1068.674166360105346 8213.9352780366043589 14525
95000000 310.00786801511833346 12936.119885250976949 4406.6689747213758892 -2627.9072148515983827 -1041.9469043812714517 8076.5230939542452688 14524
96000000 310.53542193194658694 12958.133844953739754 4313.1952251396705833 -2620.1663903603566723 -1089.6805258383153614 8023.0421413383428444 14524
97000000 310.15825988740544972 12942.39549142229771 4312.5950604061181366 -2634.2576383172226997 -1048.2082070446563193 7995.0609057679967009 14530
98000000 307.80143684961876716 12844.04913150460925 4605.7985369294419797 -2671.2653311422018305 -954.28879723432623905 8231.3526653059707314 14527
99000000 309.76263190710994877 12925.886584677991777 4492.5153957941802219 -2658.0528372166363624 -879.22557117642440971 8029.7938041872403119 14518
100000000 307.28952996489874749 12822.688096788870098 4388.9247987758135423 -2696.4391507099289811 -872.70930660112981059 7958.0732560868727887 14520
101000000 310.85380555564131555 12971.419471386339865 4502.6050169034670034 -2640.4116063084811685 -973.70562663877853993 8116.7222498507271666 14515
102000000 310.67334137693461571 12963.888997190022565 4347.8269659219786263 -2670.4648867430919381 -919.71582854520693218 7938.0076812102788608 14515
103000000 308.31714859411368934 12865.56893677836706 4339.6019543550137314 -2637.1376702117959212 -988.53359986723444308 7965.2732244340450052 14510
104000000 306.60384943018135573 12794.075772666648845 4391.1023286281524634 -2625.059628945917666 -967.94304263618232653 7984.1050002102520011 14516
105000000 313.6531526761378359 13088.231635487312815 4462.8322021152962407 -2610.9300824268657379 -913.32249594986103602 7987.0847804920222188 14515
106000000 310.58471031877439827 12960.190568497684581 4466.0550668795840465 -2609.861449764623103 -934.70143713612844749 8010.6179537803363928 14517
107000000 311.26265599162900344 12988.480129520396076 4531.3779155738902773 -2623.900592513106858 -857.86251337854207577 8013.14102146553887 14514
108000000 310.45388342947939009 12954.731376977901164 4543.0509022050518979 -2659.0127075821005747 -891.20078699926057197 8093.2643967864141814 14517
109000000 307.57440025904446657 12834.575266944937539 4427.9141087782563773 -2659.9522256045802351 -960.49408914181822183 8048.3604235246557437 14518
110000000 311.76857904626126583 13009.591468820713999 4412.6095909045161534 -2703.2507520090712205 -963.27161272848309181 8079.131955642070352 14520
111000000 312.68496125306194244 13047.830595342838933 4411.4106067480606725 -2671.2371192323453215 -994.92229283359279179 8077.5700188139999227 14522
112000000 308.83265858725252428 12887.080323298931035 4313.8892236286719708 -2651.9818243468153014 -1027.0592339024535704 7992.9302818779415247 14528
113000000 307.46299455359581998 12829.926489574183506 4411.3395369552208649 -2635.4217868906971489 -987.56695389591516232 8034.3282777418335172 14526
114000000 306.11976502195273042 12773.875724262970834 4412.7087224612969294 -2671.1776346917031333 -1021.2304043494004873 8105.1167615024005499 14522
115000000 308.17160074582119478 12859.49546378361083 4298.1453034629821559 -2722.4009387521273311 -1046.3719633002524461 8066.9182055153614783 14519
116000000 310.11226286806089547 12940.476111245223365 4350.7657272919323077 -2675.4509525543712698 -967.32054192649798097 7993.5372217728017858 14514
117000000 308.71011891370744706 12881.966943700444972 4260.1544662165306363 -2700.048980264770762 -960.78046923618535402 7920.983915717486525 14518
118000000 309.8515643613731072 12929.597590135381324 4511.7810065707462854 -2680.7465069490676797 -906.13405140715599373 8098.661564926968822 14515
119000000 309.45711995607945255 12913.138072034711513 4504.2850291992490384 -2658.4380438759553726 -870.64656532474748474 8033.3696383999504178 14515
120000000 312.70481560242291152 13048.659084778355464 4477.9246125157824281 -2617.5068694853362103 -961.0104218138599208 8056.441903814979014 14514
121000000 309.39628781660400136 12910.599646625803871 4412.8387951772174347 -2666.5639121838089522 -1004.7456970676504397 8084.1484044286762582 14519
122000000 310.37801114645469625 12951.565351046174328 4453.0721830423908614 -2625.6766959905917247 -915.72490103221275604 7994.47378006519466 14518
123000000 309.60820253496768828 12919.442500259661756 4513.6795650466565348 -2672.3636596158357861 -879.27440524827909485 8065.3176299107699379 14518
124000000 312.80320811214107835 13052.76484283434911 4393.883548328634788 -2564.9232425731966032 -1034.6730386279241429 7993.4798295297559889 14521
125000000 309.7643251353370033 12925.957240314826777 4430.3408041671864339 -2590.2335036178669725 -1023.9811632565475747 8044.5554710416008675 14518
126000000 310.37223075041811171 12951.324144600052023 4549.2775616410663133 -2619.3527265433713183 -925.48261320786980377 8094.1129013923073217 14514
127000000 307.68917515389676964 12839.364635063666356 4524.8374049363537779 -2609.0997497925063726 -790.51618306901013966 7924.4533377978705175 14518
128000000 308.27558247133390523 12863.834450647782432 4451.5045952304581078 -2610.9719454522592059 -1006.0776582660624854 8068.5541989487792307 14519
129000000 312.45112311318416687 13038.072913286023322 4488.9961085770482896 -2561.0210606250743695 -926.05271781595774883 7976.0698870180794984 14519
130000000 312.17851136690444491 13026.697272227034773 4518.7017616147777517 -2610.3967619892910079 -936.30672990021298574 8065.4052535042819727 14524
131000000 306.03061770184916668 12770.155752806464079 4443.8345472972414427 -2622.6329178007404153 -992.46874068043609896 8058.936205778418298 14523
132000000 311.27327507329158607 12988.923246381713398 4300.5471800706473005 -2638.6826363807658709 -1086.9685944538728108 8026.1984109052855274 14530
133000000 311.00147269740153888 12977.58137902163071 4428.5024371519612032 -2712.1045253409065481 -921.27828087680654789 8061.8852433696747539 14523
134000000 310.84171652516761242 12970.915015972012043 4365.5931200726563475 -2705.4526537472133896 -997.91708396105968859 8068.9628577809289709 14523
135000000 311.19930356024275397 12985.836536463608354 4559.4401154656516155 -2600.91941455812821 -864.87010792889304867 8025.2296379526724195 14517
136000000 310.68587591294362937 12964.412042819660201 4390.0061927576680318 -2606.8304932592309342 -1011.8637739442633574 8008.7004599611618687 14523
137000000 307.95214850394734185 12850.33808165604205 4420.7162719162406574 -2596.9164802114223676 -1015.5608525547454519 8033.1936046824084769 14519
138000000 313.18160340805314945 13068.554657922832121 4575.639483315756479 -2631.9490048632997059 -881.65648802805640116 8089.2449762071109944 14520
139000000 308.38379350432734327 12868.349919576596221 4421.4293460587623485 -2669.8833232978872729 -975.82178992338049284 8067.1344592800305691 14520
140000000 309.26614607772205545 12905.169045309034118 4476.1378638193218649 -2606.9228447676678115 -876.65950712698645475 7959.7202157139763585 14513
141000000 308.76154994202977377 12884.113076159788761 4420.8988004977700257 -2684.5854608005347472 -950.17071821677473054 8055.654979515080413 14514
142000000 310.09877682981721136 12939.913360987900887 4484.2506871286768728 -2692.2834083913139693 -1006.4088339165955404 8182.9429294365863825 14520
143000000 310.8251752609529035 12970.224776145825672 4304.1736938134299635 -2677.9408128946124634 -986.16229095774156121 7968.276797665783306 14523
144000000 309.29144527822069222 12906.224739452369249 4488.4507279243616722 -2646.0201794003251052 -919.98187231014526333 8054.4527796348320408 14525
145000000 313.51448725099265857 13082.445354722562115 4427.9598656279258648 -2663.9750706348904714 -950.81855435804982335 8042.7534906208675238 14512
146000000 307.87308268138821177 12847.038794557300207 4466.2156055766663485 -2711.7555271146238738 -944.68821650112079169 8122.6593491924104455 14513
147000000 309.44815441320116634 12912.763954634878246 4452.9914047653846865 -2704.0004717438287116 -923.15983104143674609 8080.1517075506499168 14514
148000000 311.58758271243192439 13002.038788663921878 4540.6478962427490842 -2730.6641387953272897 -867.39881518037714159 8138.7108502184546523 14515
149000000 310.49610096158943406 12956.493045351453475 4443.2143791278322169 -2760.5655593978040088 -916.51659071633059739 8120.2965292419667094 14520
150000000 311.84086929247911257 13012.608022231424911 4465.707575496595382 -2669.1158054537681892 -944.04200919060190245 8078.8653901409661557 14523
151000000 307.35521576538138788 12825.429057511068095 4518.7469623623064763 -2610.5191217650899489 -987.87032091648416099 8117.1364050438796767 14518
152000000 307.29097869156481693 12822.748549776573782 4307.71053609340197 -2657.9863721918354713 -1001.4785564169835652 7967.1754647022207791 14524
153000000 308.0163858905766574 12853.018602443700729 4578.3505027517821873 -2575.8827191536479404 -955.54796858941847404 8109.7811904948493975 14512
154000000 312.42629400845822829 13037.036835468274148 4413.448626894994959 -2572.6761922151908948 -1071.7915464553484526 8057.9163655655338516 14522
155000000 310.45286151788963025 12954.688734283306985 4440.4239522965908691 -2597.5353914663487558 -996.73276710933646427 8034.6921108722763165 14521
156000000 308.49260103235315 12872.890279264793207 4456.5861424009090115 -2634.0836203794165158 -1061.1927983204341217 8151.8625611007601037 14519
157000000 309.1649066217517543 12900.944488855242525 4537.846366266284349 -2590.4736101837488604 -995.07709796347342035 8123.3970744135076529 14518
158000000 310.19385941782854843 12943.881001439705869 4378.5631048723089407 -2632.6895869641080026 -985.15952477241739871 7996.4122166088345693 14525
159000000 310.53391246515508328 12958.070857380222151 4308.4162500326065128 -2632.3379808626832528 -1126.2949345356628328 8067.0491654309535079 14530
160000000 308.15330248127361301 12858.731907215207684 4760.7358676902604202 -2658.7992919534804059 -826.6228706374348576 8246.1580302811762522 14521
161000000 308.42617755393615653 12870.118536452266198 4500.4182346981297087 -2712.6810493451666844 -940.60779742294778316 8153.7070814662438352 14519
162000000 311.68171070926365473 13005.966595591436999 4464.7705105646718948 -2665.224088480496448 -990.14880729176070417 8120.1434063369288197 14513
163000000 310.46455321973684249 12955.176609825713967 4436.3368169471850706 -2681.4070515878879633 -945.99379727855989586 8063.7376658136336118 14521
164000000 307.6709225289212668 12838.602982959751898 4424.3074078064100831 -2654.2940884113054381 -946.60410484389069552 8025.2056010616051935 14520
165000000 309.16734039103431542 12901.046046055755141 4472.3043324251248123 -2656.9791837640095764 -993.53676649690396516 8122.8202826860378991 14528
166000000 309.63877778543150043 12920.71835531474062 4380.2811401980698065 -2645.6362510548651699 -1031.4875266266440121 8057.4049178795794433 14524
167000000 309.53350443824808735 12916.325471196651051 4451.1199243589580874 -2588.579345419708261 -1083.4835342410474368 8123.1828040197133305 14524
168000000 307.62869250728795123 12836.840793418876274 4416.6057684479746968 -2564.1902716897393475 -1056.4909812814976249 8037.2870214192116691 14526
169000000 311.26894374711463342 12988.742507244200169 4433.2912458478585904 -2646.8011782430953645 -1062.4720047588909893 8142.5644288498451715 14525
170000000 314.110788465321491 13107.328026396889982 4367.6152100971885375 -2642.1471681042185082 -1012.3210098811730404 8022.0833880825803135 14528
171000000 305.84103839805089819 12762.244919389884672 4532.0842116237990922 -2587.6533448348100137 -886.4745036620938663 8006.2120601207034269 14527
172000000 311.37843903918320621 12993.311566197893626 4467.2136228673671212 -2668.2041532979965268 -913.44803332225774284 8048.8658094876209361 14520
173000000 313.32230388764048712 13074.42585817174222 4301.3618766523022714 -2640.5752851631514204 -1012.4832361988050025 7954.4203980142592627 14523
174000000 309.22328785700136677 12903.38064205055889 4349.5986581699198723 -2618.5101462585375884 -1006.1170247554528032 7974.2258291839098092 14521
175000000 307.36059923226389401 12825.653700754597594 4602.3957147258543046 -2603.6564912292069494 -985.70727981956815711 8191.7594857746298658 14525
176000000 308.45615456472694405 12871.369427946969154 4451.0267108986845415 -2639.3281865809585724 -1041.4453607903915326 8131.8002582700337371 14529
177000000 307.33178920980122939 12824.451505768836796 4351.6257511773710576 -2651.1991280411630214 -1056.8573261312992599 8059.6822053498335663 14527
178000000 313.54402532461239161 13083.677930089022993 4443.7218815598471338 -2572.1002516792050301 -1037.0153411681026228 8052.8374744071552414 14526
179000000 309.23111573954344067 12903.707286750450294 4328.4568104489071629 -2580.8021716547154938 -1097.2362328797571536 8006.4952149833807198 14528
180000000 310.5550912579216174 12958.95461366681775 4379.4563423906083699 -2570.6058758274807587 -1038.1778307956942626 7988.2400490137833913 14529
181000000 310.7475943806003329 12966.987453249894315 4473.3011481473477033 -2556.6830831032834794 -989.84675574513642005 8019.8309869957683986 14522
182000000 310.53525926723409611 12958.127057222074654 4467.3314460174078704 -2603.3069603600106348 -951.7032146712363101 8022.3416210486557247 14520
183000000 306.83656694008828936 12803.786692672738354 4353.3754115581914448 -2571.557265624453521 -995.98417827878358821 7920.9168554614298046 14526
184000000 309.46426918044676313 12913.436397442044836 4324.2219483121834855 -2643.0444105379692701 -1033.0157018901738866 8000.2820607403264148 14523
185000000 312.1502312439631055 13025.517189079206219 4420.7377460737379806 -2670.8977515501455855 -989.8221630131049551 8081.4576606369882938 14529
186000000 307.50334032191994993 12831.610052314848872 4279.4174182522165211 -2642.0664565257934555 -1039.8087302933702176 7961.2926050713795121 14529
187000000 307.81888540013937927 12844.777230900292125 4436.8972519056860619 -2614.4373950595431779 -947.14937267627044548 7998.4840196415007085 14523
188000000 313.10759843503080901 13065.46655177491084 4490.9045214226516691 -2639.9536112246123594 -918.40603010542531592 8049.2641627526882075 14530
189000000 308.15469727598025429 12858.790109710698744 4263.2226785959283006 -2613.3617014258852578 -1109.7935796661770382 7986.3779596879894598 14523
190000000 307.15163973487051408 12816.934163644942601 4464.428991574803149 -2632.8343820357540608 -957.00538269104208666 8054.2687563015997512 14519
191000000 315.41103887147716023 13161.585343292008474 4238.9907575063152763 -2660.040918410994891 -1092.5476962113580157 7991.5793721286690925 14520
192000000 312.81222124255361905 13053.140945983939673 4405.7612699322153276 -2622.2699292266652265 -960.70644893037001566 7988.7376480892507971 14518
193000000 305.49631658505865062 12747.86024351542801 4506.0885388185215561 -2623.0255305561049681 -936.86827258765242732 8065.9823419622789515 14521
194000000 308.82155789117376798 12886.617109457927654 4210.6444053643454026 -2660.4274244626853942 -1070.2925764501928825 7941.3644062772227699 14524
195000000 313.43894854740727851 13079.293248513731669 4489.1943952585388615 -2634.6205942754959324 -970.91631708634326969 8094.7313066203787457 14530
196000000 314.81994433745700235 13136.919937847431356 4500.0129479426323087 -2666.3779599462432088 -977.30945214768576079 8143.7003600365615057 14535
197000000 308.2709752150583995 12863.642197399813085 4379.7917560449413941 -2657.9790591762484837 -956.59963951770907897 7994.3704547388988431 14532
198000000 311.44532048939458946 12996.102419422275489 4341.2530685122655996 -2716.377344516165067 -1027.0730922558841485 8084.7035052843129961 14530
199000000 307.26828573089773045 12821.801609746888062 4572.1321776265876906 -2671.1592719974078136 -878.85482013725038541 8122.1462697612460033 14524
200000000 313.18823156272316055 13068.831239946310234 4560.8056487503572498 -2671.9226762677890292 -892.35279320880636078 8125.0811182269517303 14522
201000000 311.15594375511869885 12984.027202910632695 4272.8748282661363191 -2685.4411790681460843 -1058.3902843664677675 8016.7062917007506258 14527
202000000 304.97414650732213204 12726.070942587875834 4252.0597889714626945 -2754.6701002173167581 -1020.680879656695879 8027.4107688454751042 14522
203000000 308.24084133009864672 12862.384759803329871 4298.2515528775438725 -2742.2681318053892028 -1022.5986654618005787 8063.118350144733995 14528
204000000 306.07351172169671827 12771.945649903789672 4413.2109875184178236 -2700.1289180310109259 -915.14705045106461512 8028.4869560004945015 14529
205000000 310.58856515125597753 12960.351424334792682 4382.9077194045585202 -2650.7696217175162019 -980.52658252239621106 8014.2039236444716153 14520
206000000 307.11029167691754083 12815.208777001931594 4315.6322275081247426 -2718.3801044633341917 -985.88628177984810463 8019.8986137513074937 14518
207000000 309.56259635235124961 12917.539429058235328 4497.4761996213837847 -2653.5772741605978808 -910.94986370143601562 8062.0033374834174538 14519
208000000 309.76773612030223148 12926.099575123034811 4363.935682960844133 -2659.7677160468638249 -993.82101993055471212 8017.5244189382628974 14528
209000000 308.98965171144243413 12893.63138888537469 4196.0264346534431752 -2682.4280982658856374 -1117.6838954954037035 7996.1384284147325161 14523
210000000 313.25946372785074345 13071.803641368493118 4420.0689319807715947 -2680.0903927434164871 -966.38537849752185593 8066.5447032217089145 14531
211000000 310.65680494526634448 12963.198959018072856 4293.8289737789655192 -2674.1575403688848382 -1065.3495884092992583 8033.3361025571502978 14534
212000000 307.54074771615461259 12833.17100152401872 4369.3242118768312139 -2693.6086257711504004 -1054.5085595563689367 8117.4413972043512331 14532
213000000 309.32265409850020887 12907.5270323367331 4433.3251028594295349 -2722.0002753019152806 -943.55756263847706578 8098.8829407998218812 14538
214000000 311.49094790421747803 12998.006376608853316 4333.721460661015044 -2714.7145541140762361 -1107.5814025728122942 8156.0174173479035744 14535
215000000 307.27171778390862755 12821.944823690088015 4184.0752619613331262 -2740.3093651053741269 -1104.9353939520028689 8029.3200210187096673 14536
216000000 309.99601878630886631 12935.625436366797658 4213.374642931084054 -2761.8018592261541926 -1103.1579689734976455 8078.3344711307363468 14536
217000000 313.01298203153561417 13061.518364438370554 4247.3770023931683681 -2714.1704844173636957 -1045.1144832670547657 8006.6619700775863748 14540
218000000 308.28703079975866785 12864.312170616429285 4382.4441433912297725 -2702.6946039650529201 -983.77174291721030386 8068.9104902734925417 14530
219000000 307.59101913961825403 12835.268745574489003 4394.3451194344088435 -2661.7577720898216285 -990.12300903996515444 8046.2259005641953991 14532
220000000 308.00391903381222392 12852.498380957937115 4398.0303451756453796 -2674.779761837633032 -1077.0991601088890093 8149.9092671221678756 14526
221000000 313.83238977729160979 13095.710905749889207 4363.3682651951457956 -2756.3123423112392629 -891.72880203916281516 8011.4094095455475326 14517
222000000 314.083464810525129 13106.187855096039129 4509.8820649179979227 -2745.7175707385645183 -897.14580843170210755 8152.7454440882647759 14517
223000000 313.73670335644305851 13091.718068344140192 4332.9151759391552332 -2684.3064778703096636 -976.42999810200535649 7993.6516519114702533 14518
224000000 309.14960698524913596 12900.306060117076413 4372.6579102604664513 -2688.1658847655980935 -926.32726460327967288 7987.1510596293428534 14515
225000000 310.77894507122744017 12968.295666151181649 4370.6935640652773145 -2698.3610249786515851 -944.9427879709003264 8013.9973770148299081 14520
226000000 310.42000456511925677 12953.3176675332179 4393.5787303763227101 -2777.2331318118149284 -956.53235971363869794 8127.3442219017770185 14528
227000000 310.40326569576848215 12952.61918196879742 4420.7532342587583116 -2645.439059313929647 -1005.7348915122091739 8071.9271850848963368 14523
228000000 309.12718706678430181 12899.370513690671942 4326.5854601178307348 -2699.8144058349212173 -1011.4102710484188492 8037.8101370011700055 14522
229000000 312.95082876038054565 13058.924810371274361 4387.2233172720625589 -2605.3173169592837439 -994.52197828017290249 7987.0626125115195464 14528
230000000 310.89654910638768115 12973.203089654858559 4444.0572104152597603 -2610.7603611775048194 -940.21047591052638381 7995.0280475032914183 14521
231000000 308.40077984621848373 12869.05873176424393 4332.6390170219037827 -2672.7362999464976383 -992.29365650376507801 7997.6689734721658169 14525
232000000 312.06754384087258813 13022.06677936468077 4353.5128510914364597 -2684.545166999232606 -868.32714097380835483 7906.3851590644771932 14522
233000000 312.29307259468902203 13031.47772436946434 4252.3623791809704926 -2571.28105939954321 -1067.9526566371127956 7891.5960952176264982 14522
234000000 308.41407292410656282 12869.613430102403072 4538.1722507178346859 -2648.8671053789266807 -959.16371322137274547 8146.2030693181341121 14519
235000000 307.12417339389713788 12815.788038283946662 4560.5365971875053219 -2597.2779853214137802 -884.05745847618663902 8041.8720409851057411 14516
236000000 312.14110962870711319 13025.136559035026949 4549.0293647336748109 -2557.6250675872224747 -920.0826768830797846 8026.7371092039757059 14517
237000000 309.67432292736060617 12922.201595789498242 4488.7394877539309164 -2577.1536966098678931 -993.98143531736991463 8059.874619681168042 14525
238000000 312.82871157227219783 13053.829060397139983 4403.1069564758590786 -2602.5442434162632708 -1013.8318628504343906 8019.4830627425571947 14522
239000000 311.7431117952824593 13008.528762206462488 4459.4982174579399725 -2559.0073664282954269 -988.75731463730551241 8007.2628985235423897 14521
240000000 311.25609945091179043 12988.206535829714994 4539.6789700973058643 -2568.8191632842786021 -915.23744859368730431 8023.7355819752710886 14520
241000000 309.66800217568527387 12921.937841188813763 4520.0200274860471836 -2608.8576773423446866 -912.84622418017568179 8041.723929008567211 14510
242000000 309.85929990441559312 12929.920381659403574 4532.5023877225285105 -2581.6417288819893656 -939.58033509614017476 8053.7244517006583919 14516
243000000 312.29756213232030859 13031.665065411481919 4305.3516752332225224 -2613.4739545747738703 -1047.4333552439379673 7966.2589850519343599 14524
244000000 312.07182666580422392 13022.245494624774437 4241.9366491990485883 -2665.9311244019518199 -1104.8881641998632404 8012.7559378008636486 14526
245000000 311.89121532208440613 13014.708879473824709 4525.5792713211476439 -2589.9094150527221245 -940.61255528239928481 8056.1012416562689396 14519
246000000 310.8577546456230607 12971.584260434336102 4406.80983613826902 -2722.4379095959175174 -972.14288464244896204 8101.3906303766343626 14523
247000000 312.318428877548115 13032.535800466081128 4467.7502222425282525 -2674.7896012181859078 -907.18755185010286368 8049.7273753108165693 14522
248000000 310.63052515258397079 12962.102346371189924 4455.6610761269994327 -2644.507712858544437 -967.33730195731834556 8067.5060909428611922 14528
249000000 308.96400647339748957 12892.561255162770976 4384.8723427955246734 -2631.110406360635352 -1011.7503926434221739 8027.733141799581972 14528
250000000 309.2569114981603775 12904.783701449652654 4483.2739493807484905 -2631.8941443302305743 -910.59538450163279322 8025.7634782126115169 14529
251000000 309.78153048983375584 12926.675191539301522 4439.8027844277394252 -2610.7269696138750987 -991.11496444348040313 8041.6447184850958365 14532
252000000 311.76122184398184345 13009.284464836215193 4330.8904297859171493 -2624.9593892440643685 -1059.5250529447398549 8015.3748719747209179 14530
253000000 309.38448054863835068 12910.106948698816268 4404.1311637687977054 -2627.6451252062533968 -1014.1609414683726982 8045.9372304434236867 14524
254000000 313.95122254279340268 13100.669602155465327 4467.8847873073318624 -2690.4353822476859932 -977.90707090576472638 8136.2272404607820135 14526
255000000 309.86325003567037584 12930.085214158016242 4347.6582924988269951 -2717.0792749785523483 -996.03647329811565214 8060.7740407754945409 14522
256000000 309.18117576041822758 12901.623373328617163 4234.9623121028862442 -2661.9892488014843366 -1056.3336873859934713 7953.2852482903654163 14528
257000000 307.62301916866817919 12836.604054303172234 4219.5136950666728808 -2655.8431697619826082 -1106.7019603351900514 7982.0588251638455404 14533
258000000 311.56895654792566575 13001.261549368035048 4402.8662265627172019 -2682.3709795999002381 -948.67208601053062011 8033.9092921731498791 14530
259000000 310.90705587254382181 12973.641519774300832 4452.3789525231159132 -2684.6158373188350197 -1011.0781110988941691 8148.0729009408460115 14527
260000000 312.09174667595789288 13023.076723977477741 4424.9643538996297139 -2701.7503756708251785 -977.27465099829578321 8103.9893805687497661 14524
261000000 311.67808371316090188 13005.815246992740867 4515.6442236423581562 -2697.8279739293552666 -882.58483232562821286 8096.0570298973416357 14530
262000000 311.08120903646801025 12980.908645674502623 4260.6151596104891723 -2719.4942643871108885 -1058.1611877477835151 8038.2706117453835759 14532
263000000 309.52126918749922879 12915.814914250058791 4345.0092021991713409 -2719.5873771883057088 -1041.9160324666336237 8106.5126118541102187 14532
264000000 307.20596760675084624 12819.201176634820513 4369.656459141864616 -2730.2072678396525589 -885.57444008482400477 7985.4381670663406112 14522
265000000 310.87861975836642614 12972.454927368034987 4451.2632960780574649 -2697.7157561364101639 -912.24380241792709967 8061.2228546323940463 14520
266000000 309.76592526284531459 12926.024011011362745 4266.7917095201346456 -2703.3501194543750898 -1030.9205715745993075 8001.0624005491081334 14529
267000000 310.4963411200695873 12956.503066770945225 4371.9858289989833793 -2682.0580720619554995 -972.3241908070797308 8026.3680918680183822 14522
268000000 311.28226707335102219 12989.298467796324985 4553.1543163429287233 -2729.4766199980235797 -970.38639795533845245 8253.017334296289846 14522
269000000 305.42741741430864977 12744.985194122253233 4400.3617705696960911 -2691.2257150792893299 -1026.2448686745096893 8117.8323543234946555 14526
270000000 310.28409004104952373 12947.646177358565183 4452.6327849023355157 -2662.5756026041112818 -957.27409570867121147 8072.4824832151189185 14524
271000000 306.72497490499705464 12799.130140071598362 4511.9868961394022335 -2676.3201698028160536 -962.17830687092214248 8150.4853728131402022 14528
272000000 311.4634453739769242 12996.858741129091868 4365.2054869707953912 -2648.6105452483443514 -953.59169014307360612 7967.407722362214372 14524
273000000 308.92474440518645906 12890.9229134504385 4392.0283241952665776 -2662.4487722804101395 -1033.8084845954026605 8088.2855810710798323 14531
274000000 308.97514627111002028 12893.026100650820808 4332.4512730612714222 -2645.5980482656073036 -1031.6943705218184277 8009.7436918486982904 14529
275000000 311.65587614803382621 13004.888561722838858 4167.1522570899105631 -2636.0914978942314519 -1083.806672349859582 7887.0504273340029613 14532
276000000 307.53612590882715949 12832.9781410845153 4367.416640713072411 -2677.6965837378243123 -1014.9033451074939194 8060.0165695583909837 14528
277000000 313.18482600164793439 13068.689131468136111 4453.3399892978468415 -2631.9914837962792262 -922.34103439305249594 8007.6725074871783363 14519
278000000 309.9965912215822641 12935.649323151899807 4418.7120331037685901 -2633.0992345688264322 -1003.3849066088720292 8055.1961742814673926 14524
279000000 309.60813158378817889 12919.439539583308942 4410.6439436393493452 -2654.674495326379656 -1000.4683615856986307 8065.7868005514283141 14529
280000000 308.36902421271764752 12867.733621260988002 4475.5508289429308206 -2629.0164519683430626 -995.25902801139659459 8099.82630892267116 14528
281000000 307.73963186027401662 12841.470110666237815 4158.9007503079010348 -2690.0343240197462364 -1100.2064052814143906 7949.1414796090621167 14533
282000000 310.46579649380657884 12955.228489613537022 4514.2737653813073848 -2674.1265946958933455 -975.50582844955681594 8163.9061885267565231 14527
283000000 311.42357182602574994 12995.19488337009534 4278.4534277546736121 -2712.9487230801860278 -1091.2641323164534697 8082.6662831513140191 14532
284000000 311.59190510115712414 13002.219154856231398 4344.4432780123679549 -2664.4879826564956602 -1127.9402685732864029 8136.8715292421502454 14540
285000000 310.07720874747712969 12939.013360285876843 4318.7833314008621528 -2662.338569294186982 -1038.3315488049784108 8019.4534495000280003 14534
286000000 310.66433884982865266 12963.513336499025172 4414.3364606836048551 -2611.2435617876117249 -1024.0532825242919444 8049.633304995508297 14531
287000000 311.85270951550529617 13013.102095319040018 4470.3701472406391986 -2665.4628742380937183 -980.00701040501837724 8115.8400318837520899 14520
288000000 311.08737994356380341 12981.166147506643028 4459.4741849284855562 -2690.5735398100332532 -852.07896586593165011 8002.1266906044493226 14519
289000000 309.40621372904956843 12911.013838672568454 4439.6184516382290894 -2598.3824945358423975 -978.88790512505795505 8016.8888512991306925 14526
290000000 308.05415352203527846 12854.594583761396279 4445.7215883553217282 -2667.6988419695398989 -1034.9950994134576376 8148.4155297383185825 14522
291000000 313.24799845434910139 13071.325214309579678 4295.8318524224659996 -2689.3335887416078549 -1066.4445405388839845 8051.6099817029580663 14524
292000000 308.08772314557455729 12855.995389093814083 4482.393890197346991 -2723.2725488618257259 -1009.3001123548938267 8214.9665514140651794 14518
293000000 308.31025046726432493 12865.281089258631255 4256.1746340574263741 -2720.6312450450359393 -981.24789536868115647 7958.0537744711436972 14523
294000000 308.58234586018261325 12876.635183738722844 4426.5369748754665125 -2660.946956886325097 -947.90750231294282457 8035.3914340747342067 14525
295000000 309.41880191807211986 12911.539123154465415 4462.4266304948241668 -2638.7834850642466336 -941.30061322175674832 8042.5107287808286856 14518
296000000 314.01351113982980223 13103.268803149641826 4584.4063968107548135 -2613.9520658442747845 -927.36964482594760284 8125.7281074809761776 14519
297000000 315.11384456432620027 13149.183912285967381 4405.4397555061877938 -2651.0981621063074272 -933.06136431480035753 7989.5992819272960332 14520
298000000 313.77833216135820749 13093.455170097427981 4327.0328967699733766 -2657.481422643480073 -953.59860420390407398 7938.1129236173565005 14523
299000000 312.01170788643895548 13019.736836563275574 4460.456350210486562 -2696.6442265133255205 -902.98534777069062329 8060.085924494502251 14520
300000000 309.43091819316350666 12912.044715442003508 4289.6425147820591519 -2672.8460367630859764 -1062.7729988536475503 8025.2615503987935881 14527
301000000 309.47660522575955611 12913.951160380474903 4407.5941830548881626 -2647.8177879633212797 -941.73967370057368953 7997.151644718782336 14527
302000000 309.37041985677524281 12909.520219088450176 4565.1426012963202083 -2675.3933206858846461 -905.41448836196616412 8145.9504103441713596 14528
303000000 309.42506809815284896 12911.800600572008989 4283.9000061503493271 -2644.0967157665104423 -1042.9325526260572587 7970.9292745429165734 14528
304000000 311.88620928898541251 13014.49998592305019 4469.8617493004021526 -2628.0554708689596737 -1013.3436866565959917 8111.2609068259589549 14527
305000000 310.60167372696599841 12960.898423699663908 4391.0665672853192518 -2675.6331333955304217 -984.88066823083215695 8051.5803689116819442 14523
306000000 305.64813056611916409 12754.195191953447647 4500.0322025128753012 -2658.2252442931485348 -964.94179851017861438 8123.1992453162019956 14534
307000000 310.41612581265269455 12953.155813554369161 4342.7183630913732486 -2711.8895155809350399 -954.37573767931291968 8008.983616351620185 14531
308000000 308.44291145440024593 12870.81681467319504 4412.2622764985135291 -2667.4951154933633006 -1056.5122727099674194 8136.2696647018456133 14525
309000000 310.05867025240866042 12938.239779291841842 4493.313334814344671 -2598.9004232099919136 -998.44252715739230553 8090.6562851817288902 14530
310000000 309.95458755100162307 12933.896578869211226 4400.0501141086424468 -2668.1204723884629857 -1023.3583898873395128 8091.5289763844448316 14526
311000000 314.88091027063086358 13139.463946247937201 4541.5697158671118814 -2650.5801886834442485 -885.958219766838738 8078.1081243173948678 14521
312000000 309.35601260502374998 12908.919028102340235 4377.4580434023191629 -2654.7231156773914336 -951.38138596963221971 7983.5625450493425888 14515
313000000 311.07373514355265343 12980.596772381151823 4460.6547311396352598 -2676.2804916268655688 -890.22228104858413644 8027.1575038150858745 14511
314000000 312.25988935384168599 13030.09304215307202 4473.7850709989115785 -2685.0229582131842108 -849.41825637537533567 8008.2262855874723755 14507
315000000 309.35579310101257988 12908.909868559963797 4499.0808394522164235 -2662.6879705382643806 -932.88549156088845393 8094.654301551368917 14513
316000000 311.32471890810001014 12991.069913234718115 4433.6552787939435802 -2716.7574245857094866 -988.75331048831208136 8139.1660138679635565 14520
317000000 307.9583216991022141 12850.595678965135448 4363.996968825793374 -2683.0257547155651991 -957.74257687531996908 8004.7653004166795654 14522
318000000 308.45682677722146536 12871.397478271863292 4301.5726394518314919 -2656.381981573576013 -1115.3143242621154059 8073.2689452875220013 14521
319000000 310.0657596574005197 12938.535608534748462 4475.9275027177473021 -2628.0510354084763094 -958.97702303693324666 8062.9555611631567444 14523
320000000 311.73642317676024049 13008.249657125601516 4400.679914951727369 -2686.2572830613471524 -960.53801517256124498 8047.4752131856366759 14523
321000000 308.42488393226489052 12870.064555741606455 4342.3949057274558072 -2710.5195920147612014 -1037.4515137653966121 8090.3660115076136208 14522
322000000 312.23464911760407858 13029.039808491641452 4354.0980318549163712 -2771.7742958990120314 -1006.5938095562794388 8132.4661373102080688 14524
323000000 307.70335396799134742 12839.956293721017573 4337.3218092311581131 -2809.2172306447450865 -987.1615272922879285 8133.7005671681909007 14512
324000000 312.44499853262334454 13037.817344584205784 4448.4237238261048333 -2784.4580694992214376 -840.6716921393846178 8073.5534854647112297 14507
325000000 308.83986712818779097 12887.381123889359515 4417.2419645563877566 -2756.0597398395116215 -889.75318516279617143 8063.0548895586953222 14509
326000000 312.05756076463825366 13021.650201966765962 4539.9074562510377291 -2654.0000338067338816 -843.34234635565110239 8037.2498364134225994 14507
327000000 308.88879612257630924 12889.422850576256678 4465.3241234544848339 -2698.50229519090135 -900.14518070696465202 8063.9715993523495854 14514
328000000 309.26290355141293276 12905.033740004255378 4418.8650044122350664 -2720.9052892104100465 -869.46855755205092464 8009.2388511746949007 14513
329000000 312.86240338899369817 13055.234964650640904 4488.4029899145898526 -2687.4455013803108159 -924.67286770239309135 8100.5213589972936461 14521
330000000 307.08194107249380522 12814.025752777439266 4404.5738282139664079 -2813.374779906216645 -895.32792986714559902 8113.276537987328993 14525
331000000 307.40116688366146036 12827.346522312005618 4522.8284045185700961 -2730.1531127889666095 -1010.0403537211968796 8263.0218710287335853 14528
332000000 307.33066346942473501 12824.4045304692645 4349.7575805966453117 -2743.5959144504449796 -959.06852844406728309 8052.4220234911581429 14525
333000000 311.37510822365629792 12993.172576728858985 4211.5257036658431389 -2809.8689968502994816 -985.93556963568062201 8007.330270151824152 14523
334000000 307.76956101380892505 12842.719005156142885 4402.9815912831918467 -2832.2747396169279455 -912.33213816330828649 8147.5884690634284198 14523
335000000 309.58442588655555028 12918.450339717743191 4291.9864600235141552 -2791.3131929999076419 -1023.3036355295109843 8106.6032885529311898 14527
336000000 312.97396607531203472 13059.89029257562288 4231.4178230164743582 -2750.5155210833781894 -996.74901633975298409 7978.6823604396049632 14529
337000000 308.7418804706840092 12883.292301380628487 4355.2602637505951861 -2779.1073327906860868 -980.56587781252403602 8114.93347435380565 14525
338000000 310.90863259178502176 12973.707313682243694 4254.5539992527883442 -2803.8006432326492359 -1022.2389265980409618 8080.5935690834794514 14524
339000000 307.92031288148348267 12849.009633344549002 4437.5729753424611772 -2720.4503737567183634 -991.84543713556786315 8149.868786234746949 14523
340000000 309.32020703686697516 12907.424920468229175 4249.169715064463162 -2773.9747496300246894 -1032.6926834710063758 8055.8371481654958188 14534
341000000 308.35333964982703492 12867.079130175970931 4371.8664562224730616 -2762.7378497953732222 -966.5965440249334506 8101.2008500427782565 14530
342000000 310.77955293506602175 12968.32103131220174 4294.9010014980704 -2703.6704294430942355 -1049.4823364583457987 8048.0537673995104342 14530
343000000 309.57923719320194778 12918.233824054124852 4192.0622528829135263 -2739.9157002828624172 -1033.2632294147406355 7965.241182580516579 14531
344000000 306.20968533298162129 12777.627951363001557 4089.0994181109490455 -2797.0269120770335576 -1112.2716607152246979 7998.3979909032068463 14531
345000000 308.40925571010467365 12869.412415662864078 4276.3474010598038149 -2721.8688621128389968 -1007.9720557882169487 8006.1883189608588509 14535
346000000 311.35163096801380789 12992.19290935618119 4177.0300051626309141 -2715.0611092658100461 -1025.7757513163974181 7917.8668657448379236 14528
347000000 309.88869493879576567 12931.146988232996591 4171.8607670599767516 -2784.151532010734627 -1015.8365239179466926 7971.8488229886579575 14528
348000000 309.2239647156608271 12903.408886252294906 4301.8207758386251953 -2777.4395306080905357 -1040.703183154015278 8119.963489600731009 14533
349000000 307.6000101129147879 12835.643924143967524 4249.7045072072687617 -2742.5862179871651279 -1016.2117446635606939 8008.5024698579936739 14529
350000000 308.14988992119680233 12858.589506680176783 4241.164499351089944 -2760.2077643405227718 -1022.1082586942969783 8023.480522385909353 14526
351000000 314.07688077149049377 13105.913113945671284 4110.0502939987827631 -2763.2057173213643182 -1111.1891814539228562 7984.4451927740710744 14532
352000000 308.62395170726892957 12878.371327499466133 4216.5397956677943512 -2780.282443410261294 -992.15384774963786185 7988.9760868276935071 14535
353000000 308.42229384330022413 12869.956475577142555 4244.5278968170641747 -2745.2286775245856916 -1008.9444091064120812 7998.7009834480622885 14529
354000000 311.38369005854775651 12993.530682623726534 4228.6216647395403925 -2723.5062982965519041 -1051.166211961560748 8003.2941749976525898 14524
355000000 308.89267583876056733 12889.584744769463214 4151.0238320928820031 -2755.4434735349377661 -1105.1908733358925474 8011.6581789637129987 14531
356000000 307.69540535762610034 12839.624611247070789 4257.1894346731050973 -2712.8903756134131982 -987.98222844225904282 7958.0620387287772246 14521
357000000 311.6933047567154631 13006.450396176087452 4229.9044265005159104 -2711.4572920858227008 -1023.4974738201398168 7964.8591924064776322 14524
358000000 307.98917366228567971 12851.883080788165898 4390.3804248247215583 -2698.4459019499427086 -982.11880975778387892 8070.9451365324475773 14522
359000000 309.31121289282356202 12907.049609588684689 4525.5369114148497829 -2723.214025914474405 -898.71068672651722409 8147.4616240558407299 14519
360000000 309.91934582117437458 12932.425999283836063 4257.7729908104338392 -2659.3350771951936622 -982.70825026521265499 7899.8163182708394743 14526
361000000 308.55597284050475082 12875.534680882219618 4373.7006579504432011 -2612.5534173424994151 -1002.0638647427492742 7988.3179400356912083 14525
362000000 311.65763845001941945 13004.962099694328572 4351.0571230130080949 -2697.9384943450204446 -989.43627948405946881 8038.431896842088463 14525
363000000 309.53303402733689609 12916.305841720854005 4344.8629594604917656 -2675.6697424572812452 -977.4804458172862951 7998.0131477350596469 14519
364000000 311.79568351384335756 13010.722493798604773 4342.6274411886879534 -2643.053411309434523 -1051.1903297171893428 8036.8711822153109097 14514
365000000 312.34356427744961593 13033.584659479147376 4262.2902914136475374 -2709.1024762912534243 -972.27463368808287214 7943.6674013929832654 14516
366000000 309.55235693537645147 12917.112154981648928 4527.9182510043101502 -2644.8487881433211442 -870.41352133520501866 8043.1805604828359719 14515
367000000 311.08733545656821207 12981.164291137281907 4424.0187722745977226 -2610.3751365333491776 -884.74645355482516607 7919.1403623627729758 14512
368000000 308.11711536403947775 12857.221878163882138 4443.5254372224499093 -2661.2963193397768009 -993.29788898750541648 8098.119645549732013 14518
369000000 310.90919776296090049 12973.730897348470535 4262.7947601196738106 -2695.8550202159576656 -1013.4689229370421799 7972.1187032726720645 14518
370000000 308.78519307262365601 12885.099665222134718 4340.5584966152309789 -2712.8839753710790319 -987.46408020013325313 8040.9065521864431503 14521
371000000 311.43280004930733185 12995.579961992334574 4315.3449985030556491 -2648.3022246943633036 -1007.6778685174068642 7971.3250917148270673 14516
372000000 311.37684209949759406 12993.244928523969065 4267.6683455343791138 -2686.628286954601208 -976.74273435458042059 7931.0393668435608561 14522
373000000 309.9027071274860532 12931.731693885511049 4324.6006301457618974 -2714.9624344144067436 -1008.0161805800918273 8047.5792451402594452 14533
374000000 312.76110696741102402 13051.008031115276026 4169.6055097901489717 -2743.1471036638349688 -1050.0343797371983783 7962.7869931911827734 14528
375000000 310.56730566899528867 12959.464301007943504 4246.3963404804107995 -2786.5636727248070201 -936.91681997618331934 7969.8768331814007979 14532
376000000 309.68573757259258628 12922.677910213753421 4302.4442702520263992 -2766.5374477256709724 -1035.3085120512059802 8104.2902300289042614 14523
377000000 310.92252409560148863 12974.286983352909374 4298.089450493572258 -2859.1464593039281681 -896.21989996093350328 8053.455809758434043 14520
378000000 310.41078447434910004 12952.932928267342504 4429.1226213433019439 -2772.0541781496685871 -860.82458952428476096 8062.0013890172558604 14525
379000000 309.91128187763814594 12932.089504145824321 4301.4797194445800415 -2808.004618110676347 -980.2755915937420923 8089.7599291489987081 14521
380000000 310.45784581583848194 12954.896720861916037 4353.1693141856576403 -2774.6176095724376864 -1021.7020410665895724 8149.4889648246844445 14525
381000000 311.50087595717616296 12998.420657975719223 4075.8048399733897895 -2881.8363774809708957 -1078.5019911505330583 8036.1432086048935162 14528
382000000 309.55507536167942817 12917.22559045275375 4191.7416326196362206 -2820.6551200066442107 -1046.1232969779700852 8058.5200496042507439 14527
383000000 309.74920594516657957 12925.326341306150425 4085.3748867220006105 -2821.8610336494593867 -1010.9137297855711495 7918.1496501570309192 14532
384000000 310.5531141280126235 12958.872111278426019 4154.612475965404883 -2804.0385246155674395 -979.60462415228573718 7938.2556247332577186 14535
385000000 310.18407892784381374 12943.472877633723328 4290.5724414150263328 -2840.2793274470732285 -993.15887748290322179 8124.0106463450019874 14531
386000000 313.53245852511480507 13083.195266516811898 4266.2122611989298093 -2818.827974469282708 -963.01216540511916264 8048.0524010733315663 14530
387000000 309.75381936610079947 12925.518851795217415 4204.6589238132328319 -2779.7470921214653572 -1131.7021430284585222 8116.1081589631567113 14533
388000000 308.15267425619975938 12858.705692413233919 4275.8881959629343328 -2822.741825744246853 -1004.6547269247380427 8103.2847486319169548 14533
389000000 309.8267068610182946 12928.560327414612402 4184.9671953289998783 -2717.8392896115292388 -1068.8079444552754467 7971.6144293958059279 14531
390000000 309.75390968200895259 12925.52262052993683 4134.4561985130767425 -2808.7808661413455411 -1000.0537548435124791 7943.2908194979354448 14526
391000000 310.49126700220841713 12956.29133215470938 4050.7764471873006187 -2714.7254771421667101 -1141.4628914947743397 7906.964815824240759 14526
392000000 309.93045404655561015 12932.889527310282574 4239.5737649026968938 -2750.5525584507518033 -1031.8172739162162088 8021.9435972696646786 14525
393000000 313.19416356370521726 13069.078772618157018 4234.8018779188150802 -2690.6201122299262352 -1075.2284167766783867 8000.6504069254206115 14527
394000000 306.91487970649887984 12807.054555973496463 4261.1107138131828833 -2725.0527268160008134 -1006.6482689763112148 7992.8117096054947979 14528
395000000 306.89122840516091628 12806.067625959400175 4128.8749797950167704 -2651.1660063190483925 -1059.4634530064263345 7839.5044391204919521 14527
396000000 311.93785357895626476 13016.655017441215023 4367.7402982069161226 -2628.8110215776559926 -996.06645235858945853 7992.6177721431622558 14528
397000000 312.26879671720109855 13030.464731817004576 4352.1138655525901413 -2698.9471026658825394 -907.91555288863514761 7958.9765211071089652 14526
398000000 310.16760984329317807 12942.785649746536365 4133.8277297608201479 -2785.0494960627656837 -1047.3514138290361188 7966.2286396526205863 14524
399000000 308.94861908091127134 12891.919164511338749 4214.1180321905958408 -2749.7647528583211169 -977.6584839077770539 7941.5412689566946938 14523
400000000 308.4955845413313682 12873.014776201171117 4313.2586913275117695 -2710.6169904364196555 -985.91680343530310893 8009.7924851992347612 14526
