# Steps Temp KinEng PotEng Epair Ebond Eangle Bonds
401000000 312.49526930732298524 13039.915061562818664 4106.3578204951145381 -2748.9569783188121619 -1092.129241237279075 7947.4440400512048654 14527
402000000 310.73411627825277037 12966.425034144502206 4303.9399062228167168 -2702.4067255305408253 -987.77075530065224029 7994.1173870540096686 14522
403000000 310.07102978634247847 12938.75552237190459 4336.2226471548628979 -2641.9821218198749193 -1027.4303273987075045 8005.6350963734457764 14523
404000000 309.51274724430749075 12915.459307537592395 4350.4717596573609626 -2787.3837424300349994 -1006.0877256753567508 8143.9432277627529402 14525
405000000 308.56313091681226979 12875.833375666499705 4330.9914437237257516 -2739.0293830491204972 -1038.3985816659501324 8108.4194084387972907 14534
406000000 307.73113338772316183 12841.115483345120083 4281.8955231504878611 -2774.6310405870403883 -919.33919798138867918 7975.8657617189173834 14527
407000000 314.21157886358867017 13111.533844409234007 4240.8603934384991589 -2755.2106766279916883 -1043.3381714317315527 8039.4092414982214905 14536
408000000 311.42707361618420236 12995.341007330085631 4151.7278289082987612 -2755.18921794392827 -968.38203547013858952 7875.2990823223663028 14539
409000000 314.05765192559874777 13105.110725744032607 4202.0318125352532661 -2739.3119844636566995 -1117.2695972232434087 8058.613394222153147 14540
410000000 305.74440004945358851 12758.21235960044578 4124.1929637347993776 -2759.3377049098467069 -1039.1745359735118654 7922.7052046181588594 14535
411000000 308.22723042825816719 12861.816799192904 4425.1764255299294746 -2726.8182128913604174 -975.13850979361814098 8127.133148214908033 14533
412000000 308.86893631225842682 12888.594133263964977 4215.8506403275441698 -2774.9266364764794162 -1071.7894355683235972 8062.5667123723469558 14536
413000000 313.5286898189157796 13083.038004588219337 4353.1040315109894436 -2711.9264899566305758 -894.7851530694910025 7959.8156745371106808 14528
414000000 309.05244907728229009 12896.251819967281335 4281.2470718888953343 -2635.6021184429228015 -979.14944756866862008 7895.9986379004867558 14543
415000000 308.00004061775354103 12852.336541016837145 4167.7825674679233998 -2659.510521570588935 -1155.861215344621769 7983.1543043831334217 14542
416000000 313.84376626408072752 13096.185627884908172 4080.4485330582228926 -2612.6606239335851569 -1205.6604732430967033 7898.7696302349049802 14542
417000000 309.58332049217813164 12918.404213423342298 4201.7607577208718794 -2704.1084045260167841 -1104.5891058401921327 8010.4582680870817057 14534
418000000 309.02290595651714966 12895.019033991720789 4257.2058692647233329 -2724.2157283628707773 -971.25681494623677281 7952.6784125738304283 14543
419000000 310.82504715424249753 12970.219430462910168 4226.7759746615274707 -2681.597454328891672 -1037.6237781353106584 7945.9972071257298012 14538
420000000 309.52262152513873161 12915.871345081774052 4343.1052995239042502 -2703.2250606260899986 -1035.460148887991636 8081.79050903798543 14538
421000000 310.44664758933362236 12954.429437236191006 4063.1239205888932702 -2726.5757524777159233 -1116.546578703105979 7906.2462517697149451 14540
422000000 312.96188203818155671 13059.386045525317968 4311.741814980043273 -2677.0511802009991698 -970.94174787762392498 7959.7347430586660266 14536
423000000 313.3765895811937412 13076.691111129208366 4405.4455131258027905 -2572.9176891522620281 -910.16637405217045398 7888.5295763302347041 14530
424000000 309.02457908710221091 12895.088850986916441 4290.824935904322956 -2625.8248784344445994 -1044.4238468467337952 7961.0736611855018054 14524
425000000 307.87678266978542752 12847.193189004727174 4270.1952633195105591 -2621.7525779241341297 -1079.0965378461169166 7971.0443790897625149 14527
426000000 308.71654281597716363 12882.235002606252237 4232.7096345466252387 -2603.6811584727402078 -1069.9430392987860614 7906.3338323181505984 14528
427000000 308.99486376190816372 12893.848879202972967 4302.2605921330214187 -2625.8103355148391529 -1000.5949710296174544 7928.6658986774773439 14530
428000000 309.17331782873247903 12901.295474727243345 4351.5091445035895958 -2634.9012281900822927 -950.15488964768201186 7936.5652623413543552 14529
429000000 308.88999676846327702 12889.472951559928333 4345.1678147912207351 -2608.0455538378837446 -980.80568977861003077 7934.0190584077145104 14525
430000000 311.07086659484104985 12980.477072548152137 4487.8037571330951323 -2629.5679674528273608 -923.46239884720853297 8040.8341234331301166 14521
431000000 310.15442507882062273 12942.235471149560908 4261.9878846537831123 -2690.1084201421444959 -982.02178817502533548 7934.1180929709516931 14528
432000000 306.70802347806346688 12798.422784827866053 4280.9675840639793023 -2752.2700705110864874 -974.81455485632420732 8008.0522094313892012 14535
433000000 309.67344179868780429 12922.16482773513053 4235.7183929613211149 -2728.797556722124682 -1079.7528235560803296 8044.2687732395261264 14530
434000000 311.40392170681786865 12994.374916123908406 4192.3124438888835357 -2726.9246030232739031 -1039.6522998359441772 7958.8893467481011612 14526
435000000 309.88510852385604721 12930.997333019677171 4238.3790498918806406 -2780.1078381948955212 -1063.5334601319293597 8082.0203482187043846 14525
436000000 310.22932845654884204 12945.361066252376986 4302.3183076037439605 -2710.6134610252138373 -1027.9469122893706299 8040.8786809183284277 14527
437000000 313.27494616275191675 13072.44969798402235 4312.336792640540807 -2714.2380056810879978 -1022.5264348689896678 8049.1012331906185864 14523
438000000 310.76047768251038406 12967.525052308568775 4315.0917669779973949 -2691.2995628725889219 -953.36411336557364393 7959.7554432161596196 14525
439000000 309.84039051331006931 12929.131323782052277 4416.1311354787176242 -2676.6920133752209949 -1024.7961270845287345 8117.6192759384666715 14525
440000000 310.85234494092725299 12971.358522329890548 4326.5058104174058826 -2733.5298858511691833 -1093.665416186562652 8153.7011124551381727 14530
441000000 310.62329679951949402 12961.800719053102512 4250.9381283849124884 -2674.2444470211999032 -1055.489239239471317 7980.6718146455841634 14533
442000000 308.04649850264348743 12854.2751523572515 4320.7492931282195059 -2716.3577702387783575 -1037.244904985629546 8074.3519683526274093 14531
443000000 312.37761660564035537 13035.005607284982034 4244.1834288650070448 -2694.3104421533093955 -1019.1999326236593788 7957.693803641975137 14528
444000000 310.88203862707780445 12972.597591152039968 4201.485170866102635 -2702.6011901525735084 -1124.0462219479516079 8028.132582966627524 14528
445000000 312.42626400745285764 13037.035583575525379 4356.843140147703707 -2677.8213540011756777 -988.32000935143787501 8022.9845035003172597 14528
446000000 308.29694861979356801 12864.726024980169313 4383.391274108050311 -2682.7949285454833444 -998.49411530915710955 8064.6803179626904239 14527
447000000 306.46068761364841748 12788.101864863863739 4351.1785863902568963 -2644.6460311257178546 -985.7061780423109667 7981.5307955582857176 14528
448000000 312.90480223682334326 13057.004199031796816 4304.7350179349605241 -2712.8708435791841111 -998.53287071565864608 8016.1387322298023719 14525
449000000 305.70577897349500063 12756.600765443508863 4496.1293441687685117 -2691.8171527073163816 -916.3864767222678438 8104.3329735983525097 14526
450000000 308.31805883423663772 12865.606919605803341 4372.6514192268914485 -2747.8195370954335885 -965.40118251625631274 8085.8721388385820319 14520
451000000 309.96157421611684413 12934.188120945569608 4387.6364279439058009 -2720.5121665807537283 -950.76613365030880232 8058.9147281749674221 14523
452000000 310.16958091711529732 12942.867899424354619 4361.9081969940434647 -2768.5435231219216803 -946.44147247208979934 8076.8931925880542622 14522
453000000 312.10114084574342996 13023.468727275156198 4328.3751754643189997 -2737.1652430349304268 -1002.7753005184266613 8068.3157190176762015 14525
454000000 306.96268888554226351 12809.049554602661374 4258.0342246054087809 -2709.5194407259550644 -1077.3389185983701282 8044.8925839297344282 14524
455000000 312.77123833198334069 13051.430796342325266 4284.0936263724124728 -2685.8358716070729315 -1108.8247308390161834 8078.7542288185013604 14526
456000000 310.37498560434983119 12951.439100136360139 4315.4694195775573462 -2747.3738444310288287 -982.40561711128270872 8045.248881119869111 14528
457000000 311.25950330950826128 12988.348573266242965 4273.2008078216213107 -2735.6467982309968647 -995.06690727917953154 8003.9145133317970249 14524
458000000 308.36029916587028765 12867.3695393660837 4311.4578487800590665 -2614.2475364744514081 -1081.7475351564426091 8007.4529204109539933 14527
459000000 308.27771764489239104 12863.923547938458796 4382.2503151413257001 -2702.4202697618834463 -976.08189832350956294 8060.7524832267190504 14534
460000000 311.05896968313714979 12979.980633934992511 4208.1687686426648725 -2656.0298515326167035 -1049.9700953015324103 7914.1687154768142136 14538
461000000 313.7782562973031304 13093.452004414833937 4435.7210422791749806 -2675.424210394698548 -1025.6426734622541517 8136.7879261361267709 14542
462000000 310.47895041375602432 12955.777381119150959 4268.1681498770631151 -2703.8372701057742233 -1091.4413721246141904 8063.4467921074528931 14537
463000000 311.0977809720882874 12981.600165368139642 4326.3135873411893044 -2743.7698655310832692 -1008.9666494901354099 8079.0501023624083246 14529
464000000 310.80819050847026119 12969.516030281589337 4213.0456573668780038 -2663.3672628234735384 -1046.5539179610270821 7922.966838151378397 14527
465000000 307.71826071560195714 12840.578327850102141 4316.3380148314990947 -2646.9096470654567383 -1114.3625183578715223 8077.6101802548273554 14528
466000000 310.17973587064824414 12943.291648980042737 4453.9843900177111209 -2606.6777507121023518 -1027.307976124823881 8087.9701168546371264 14536
467000000 309.06302875623151749 12896.693292617994302 4220.7208972049174918 -2627.5715021650566996 -1171.4928964164510035 8019.7852957864251948 14534
468000000 313.71601287074116726 13090.854688310473648 4441.6636803229721409 -2673.1350441692925415 -965.04260321673291401 8079.8413277089985058 14537
469000000 308.78844355673800237 12885.235302593075176 4320.9417518303507677 -2659.4432681782936925 -1011.6400737023126339 7992.0250937109576626 14525
470000000 312.55440676800412803 13042.382770805099426 4430.3738904703432127 -2581.9992563669857191 -962.10508886777074622 7974.4782357050999053 14524
471000000 311.70927431355505632 13007.116779591171507 4446.7584365047805477 -2577.4811175332115454 -957.96635733333494045 7982.205911371327602 14517
472000000 311.07402733545922047 12980.608965070186969 4280.0440274487500574 -2629.8591084023064468 -1025.1179592733824393 7935.0210951244389435 14520
473000000 309.638473418207127 12920.705654569663238 4516.3247519713268048 -2590.00859428379772 -950.84912341834319705 8057.1824696734656754 14529
474000000 306.99245753578964013 12810.291751553622817 4442.3857562022021739 -2744.6693695982035024 -891.24622590355397733 8078.301351703959881 14521
475000000 305.9519693832458529 12766.87388746304714 4507.3848664399811241 -2653.3827124063950578 -911.75618241827203292 8072.5237612646469643 14516
476000000 308.85199515288735483 12887.88720646877664 4456.5791930114501156 -2636.9707752836930013 -940.92317219899541669 8034.473140494139443 14524
477000000 311.00298578401663008 12977.64451764444857 4281.3529274783959409 -2579.9158812977198068 -1086.3266698948293651 7947.5954786709444306 14527
478000000 309.68433762281927102 12922.619492605785126 4396.2493926215447573 -2650.8463806413847124 -1038.732253045931202 8085.8280263088618085 14523
479000000 309.40859313828167387 12911.113127517332032 4435.0414995164419452 -2637.0461861823960135 -905.12143160144944432 7977.2091173002872893 14526
480000000 309.27520803868924304 12905.5471860775815 4383.6722959084672766 -2681.4509627156512579 -998.0473352074155855 8063.1705938315353706 14528
481000000 309.33336913356509967 12907.974153176155596 4425.3624273062014254 -2708.3970630580470242 -868.1744739986214654 8001.9339643628700287 14521
482000000 310.06179857200345396 12938.370318937744742 4342.9067335513955186 -2735.5410622434101242 -1015.4220282807743843 8093.8698240755802544 14521
483000000 310.82804254011836065 12970.344423002747135 4104.7490674163818767 -2735.8104229224504707 -1074.7062040758596595 7915.2656944146910973 14526
484000000 307.95667266021541764 12850.526867276994381 4249.6639266363436036 -2777.1546576783525779 -998.14139545181626545 8024.9599797665123333 14527
485000000 309.97700103103181846 12934.831856630296897 4372.239036667984692 -2720.8075093934694451 -1018.7748058682708461 8111.8213519297260063 14526
486000000 305.5861607769251691 12751.609294287656667 4271.3790590817770862 -2714.0697056847902786 -1009.7988412699738774 7995.2476060365415833 14527
487000000 312.12119601674197611 13024.305596668236831 4416.6055515582038424 -2710.2234709062367983 -983.21810284613388831 8110.0471253105743017 14534
488000000 306.74370760680164949 12799.911824994213021 4259.6963877669959402 -2749.1576935143707487 -1047.4465612024805523 8056.300642483847696 14538
489000000 315.10952340027267837 13149.003597197199269 4362.2078210689605839 -2723.4966063053225298 -997.56722375591130003 8083.2716511301941864 14533
490000000 306.84651226530479562 12804.201694782595951 4329.0358535619934628 -2653.1719388962524135 -1144.6247989345947644 8126.8325913928410955 14535
491000000 309.37337068263497031 12909.643352211898673 4381.5190958352068265 -2645.2794283246466875 -1044.8080009042932943 8071.6065250641477178 14531
492000000 305.7502515958043432 12758.456535032482861 4413.3971210575919031 -2644.4248053237060958 -1007.4825501435800561 8065.3044765248778276 14532
493000000 309.69916355219464776 12923.238154322463743 4438.441339531518679 -2590.2098140638267978 -967.66980132245294044 7996.3209549177990993 14528
494000000 311.1974395540547107 12985.758754542555835 4142.8320184935828365 -2680.0472129657828191 -1102.0020504905533016 7924.8812819499180478 14536
495000000 309.63213265779057792 12920.441065037026419 4317.0833318409022468 -2652.0519346799428604 -1098.626099572153862 8067.7613660929982871 14530
496000000 310.26786029290610713 12946.968936587112694 4298.0851487642348729 -2700.6376185412755149 -1032.1356812228586932 8030.8584485283681715 14535
497000000 313.20061628844348434 13069.348034238306354 4337.4314578933917801 -2697.118865775143604 -1047.5210037787223882 8082.0713274472573175 14532
498000000 311.85994733011739299 13013.404117451989805 4450.4542671165254433 -2682.6422349092117656 -919.73680565747770288 8052.8333076832150255 14527
499000000 307.24373841612282376 12820.777290561629343 4385.7732358529756311 -2664.4249911757469818 -948.19210003850639623 7998.3903270672290091 14524
500000000 309.36719466912740018 12909.385637297569701 4409.9209918801625463 -2646.9470062025320658 -979.82366796014491683 8036.6916660428396426 14520
501000000 311.03651907129324172 12979.043806724221213 4390.934811969196744 -2649.2212381235144676 -1024.3545658120069675 8064.5106159047181791 14530
502000000 312.9141344979987025 13057.393618984708155 4400.8077932475644047 -2647.7289884002357212 -968.09328724901763508 8016.6300688968185568 14531
503000000 310.18572706586093091 12943.541651730049125 4333.1684820215259606 -2747.0355402441114165 -1061.7882372366334494 8141.992259502269917 14536
504000000 306.72263267211161519 12799.03240253480908 4135.8196823138332547 -2813.3006032617636265 -1095.8227751941287806 8044.9430607697249798 14530
505000000 312.38319020125703673 13035.238184288755292 4380.3341083644609171 -2719.1605954131100589 -1072.8834723517875318 8172.3781761293575983 14530
506000000 310.38545433229563741 12951.875942983671848 4336.5014694275796501 -2734.9511379421837773 -1047.1262424058438683 8118.578849775607523 14536
507000000 311.18817870827854222 12985.372314637123054 4168.4998189116085996 -2756.6958922698149763 -1058.5304167522353964 7983.7261279336598818 14535
508000000 307.63471058126106072 12837.091917775471302 4336.7691941778821274 -2703.7910228173009273 -1018.7224895486385776 8059.2827065438214049 14537
509000000 310.17210893677054173 12942.973389538337869 4206.5627187553291151 -2709.0258020160854358 -1082.6420766187006848 7998.2305973901147809 14528
510000000 309.25980278431416082 12904.904350078822972 4498.3590885457015247 -2666.701160518006418 -911.72784328478178395 8076.788092348489954 14530
511000000 312.10818796277760612 13023.762791910943633 4412.0215717879282238 -2797.0487914980003552 -878.43095544478217107 8087.501318730710409 14524
512000000 308.5050008963463597 12873.407705252087908 4213.1950837241938643 -2832.9203952557663797 -1007.6303351644686472 8053.7458141444294597 14524
513000000 306.47787150619461727 12788.818920516341677 4213.2572211729693663 -2803.9955280481181035 -1009.8031305222543779 8027.0558797433423024 14528
514000000 308.55455351209224091 12875.475454635419737 4366.3788982636579021 -2804.5710333217093648 -886.63621690813727128 8057.5861484935030603 14524
515000000 313.07703103878532147 13064.191024463480062 4292.0212832644501759 -2746.9137868369243733 -965.65420674577671889 8004.5892768471512682 14524
516000000 310.89865504288081866 12973.290966930748255 4470.7242865588268614 -2716.7818990441419373 -898.40905747114697988 8085.9152430741150965 14520
517000000 310.38582009095193825 12951.891205492514928 4415.0879210970233544 -2699.8147214294112928 -1055.256621481599268 8170.1592640080334604 14519
518000000 311.29205642069302939 12989.706961205298285 4434.0361569538863478 -2704.9380196518791308 -977.57451446443349141 8116.5486910701984016 14523
519000000 309.68147877730945083 12922.500197671481146 4188.340126158147541 -2721.0399514425266716 -1113.9018054115203995 8023.2818830121941573 14525
520000000 310.20738947491508952 12944.445588531143585 4445.942051071624519 -2663.2781452210770112 -901.81203991031384248 8011.0322362030156 14525
521000000 311.69197468158887432 13006.394894322524124 4260.8096844466717812 -2707.8008957696047219 -1030.9025306196826932 7999.5131108359591963 14535
522000000 309.77359730895284429 12926.344152912430218 4375.8350467567133819 -2660.066920168865181 -1000.9132680728746436 8036.8152349984538887 14530
523000000 309.62338715334641392 12920.07612948015958 4259.1803213210641843 -2692.8466984125307135 -1043.3975199370761402 7995.424539670672857 14540
524000000 309.49007773025795132 12914.513345896803003 4357.631724118641614 -2713.763614257169138 -1000.4413845380203156 8071.8367229138311814 14538
525000000 309.11563535341053921 12898.888479637666023 4293.4925919110137329 -2685.3030421335829487 -1076.7987883981300001 8055.5944224427275913 14536
526000000 307.3383287978382441 12824.724392051977702 4380.0663658149960611 -2664.6939887352500591 -1027.7104217651985891 8072.4707763154456188 14533
527000000 308.89597512500904486 12889.722418573419418 4240.00141725559115 -2696.3374449498624017 -1040.6806216024674541 7977.019483807920551 14532
528000000 306.9626365780661672 12809.047371897475387 4326.7161897683845382 -2688.4005167217046619 -1062.2831207886604261 8077.3998272787493988 14526
529000000 309.69351080047101732 12923.002274264172229 4327.7278177624320961 -2693.357722649846437 -1021.4725495948739535 8042.5580900071518045 14535
530000000 312.7640766278875617 13051.131950176391911 4252.5492848241037791 -2634.2115943632315975 -1009.9630533671916055 7896.7239325545251631 14531
531000000 310.71945908724484298 12965.813413603147637 4474.2120807537776273 -2678.4167255971906343 -1029.3995562260051884 8182.0283625769743594 14526
532000000 307.7515694807809723 12841.968247990980672 4407.0883059481584496 -2660.218302896291334 -999.25771036967250893 8066.5643192141233158 14521
533000000 306.6792275112973698 12797.221176363271297 4406.0022078868150857 -2723.0078577843346466 -944.52578186637242652 8073.5358475375214766 14525
534000000 310.9234299174345324 12974.324781812354558 4497.726297871737188 -2665.5227991929000382 -925.03229468464371621 8088.2813917492803739 14520
535000000 310.3447331224040795 12950.176713682163609 4369.7921213074178013 -2697.3655961308381848 -942.80924493397685637 8009.9669623722320466 14520
536000000 309.8610566495217995 12929.993687751430116 4287.9070135618494533 -2697.5591456461015696 -1054.9695314726557172 8040.4356906806078769 14522
537000000 310.61520146802729414 12961.462914147168703 4223.4687213078395871 -2684.86179758070557 -1004.9863352020854563 7913.3168540906308408 14531
538000000 312.00258008886112293 13019.355948540944155 4344.181847565656426 -2668.6520030440638038 -985.61254995688216241 7998.4464005666031881 14521
539000000 306.87622935417840608 12805.441740161993948 4421.9108100750036101 -2650.5341423904360454 -932.94249879537403558 8005.3874512608144869 14519
540000000 312.94128422678926427 13058.526532638596109 4404.6648743760752041 -2689.2980444080494635 -1001.8134505261614322 8095.7763693102860998 14526
541000000 308.94128466367880037 12891.613111309479791 4428.1220962086536019 -2632.9027941641434154 -1004.2765509447801833 8065.3014413175778827 14524
542000000 309.90348527767503128 12931.764164816644552 4465.5637903614879178 -2612.0665328710365429 -928.31228555791517465 8005.9426087904384985 14517
543000000 312.84138241338717989 13054.357793815293917 4435.9175495975632657 -2653.1652708185883967 -1001.9603697849179298 8091.0431902010695921 14521
544000000 313.21113024631392818 13069.786764456192032 4281.7691360003846057 -2684.9989812787230221 -1012.0934841450023214 7978.8616014241097218 14529
545000000 311.45413046053784001 12996.470045068761465 4369.4699232843586287 -2753.1591328012991653 -970.20319529574476292 8092.8322513814018748 14536
546000000 309.1255696839791085 12899.30302295889669 4271.084280645902254 -2689.8130380578736549 -1058.920398960266084 8019.817717664041993 14534
547000000 306.35775719674182938 12783.806747383561742 4357.8525061805958103 -2743.4899754210432548 -1015.5653374487720839 8116.90781905041149 14529
548000000 309.05209624254479195 12896.237096752372963 4192.543480198344696 -2772.3219941987608763 -1062.4634896675977416 8027.3289640647044507 14534
549000000 308.35074116220783935 12866.970699549427081 4352.8308834142271735 -2704.2071382737062777 -1015.1325479273657493 8072.1705696152985183 14530
550000000 311.79257233799995674 13010.592669533330991 4271.5543588792806986 -2695.3299788833001003 -1037.3846108767415899 8004.2689486393228435 14528
551000000 310.2810261375598202 12947.518325691078644 4333.1241274431476995 -2614.283442637243752 -1011.4051621104001697 7958.8127321907904843 14528
552000000 309.32315630186883482 12907.547988459637054 4411.615674621870312 -2674.5430481444400357 -977.64759312308547123 8063.8063158893955915 14533
553000000 313.10304450978003388 13065.276523943133725 4381.8373974390397052 -2685.9685785689089244 -1031.6044441692156397 8099.4104201771642693 14540
554000000 315.75584141264624805 13175.973387820880816 4231.0158454014763265 -2671.3206504183490324 -1190.1393826717542197 8092.4758784915793512 14547
555000000 307.4460201206808847 12829.218174328580062 4242.5807405599734921 -2759.6201950434424361 -1070.7621105514808733 8072.963046154895892 14541
556000000 306.52887968423470966 12790.947408126929076 4282.5593205825207406 -2700.3322438071249962 -977.15105125667014363 7960.0426156463145162 14537
557000000 311.58517222658861101 13001.938203043142494 4349.8980987415134223 -2706.7981571390091631 -972.79291979394224654 8029.489175674465514 14530
558000000 307.46534020619924377 12830.024369810194912 4260.8625549496264284 -2672.7666955344175221 -1015.9698592595854052 7949.5991097436290147 14534
559000000 310.96984823742326398 12976.26174217433072 4248.0302714962617756 -2693.3549077123298048 -957.11696735638940936 7898.5021465649815582 14525
560000000 313.24704012763203309 13071.285224907438533 4318.8640396409464302 -2704.9360123207607103 -1039.9363847644071939 8063.7364367261143343 14521
561000000 308.79792093735369463 12885.630778142220151 4440.0400131430351394 -2689.8027395215335673 -902.46975636125216624 8032.3125090258208729 14516
562000000 311.99479962508434028 13019.031282548356103 4325.072809639515981 -2743.01710570085379 -1000.385423276106394 8068.4753386164738913 14532
563000000 315.65833723093970775 13171.904698235855903 4360.272314428089885 -2687.092082878398287 -991.58981551721285541 8038.9542128237008001 14524
564000000 307.83915259484194848 12845.622947694799223 4284.0356393694510189 -2705.7079138493991195 -1047.4160227009106165 8037.1595759197607549 14531
565000000 310.63467380730440937 12962.275462928422712 4411.5285734353465159 -2706.8219678095142626 -951.86962096141837719 8070.2201622062793831 14519
566000000 311.87338751098377543 13013.96495415616846 4226.0496500511126214 -2728.9236195166567995 -1062.4316889962212827 8017.4049585639904763 14520
567000000 308.46552843296984747 12871.760584094570731 4386.1345199865891118 -2695.25466567084095 -973.0255497759571881 8054.4147354333872499 14525
568000000 311.01295211042281608 12978.060396099506761 4378.7921404611752223 -2726.5151316607134504 -999.78233363520109833 8105.0896057570898847 14526
569000000 313.23993021979060813 13070.988540114247371 4173.8257237016641739 -2757.6493495107674789 -1046.3058666951567375 7977.7809399075886176 14531
570000000 308.41433885261051273 12869.624526862720813 4271.6007712550926954 -2706.8068129626426526 -1054.1429017615278099 8032.5504859792636125 14534
571000000 306.65061055668343215 12796.027037782187108 4341.1621286893414435 -2722.0599868975200479 -1011.2546011987246857 8074.4767167855861771 14523
572000000 310.97369710706408341 12976.422349191872854 4354.7906148619349551 -2788.1998609124193536 -941.960802030214154 8084.9512778045682353 14528
573000000 311.09662505931305532 12981.551931023852376 4388.8592877172077351 -2707.296390848889132 -1008.6853391290458148 8104.8410176951438189 14523
574000000 308.66295774461144674 12879.998985463575082 4324.8871608286426635 -2744.0676758554645858 -964.12607104949142922 8033.0809077335989059 14526
575000000 310.16518671794250395 12942.684536699844102 4389.9296654283161843 -2689.7404139185405256 -1041.1420106923876574 8120.8120900392441399 14528
576000000 311.76708612943826893 13009.529171850239436 4352.3105479405176084 -2771.2043683541091923 -946.12785810843138279 8069.6427744030570466 14528
577000000 309.14544177681909787 12900.132252800691276 4298.8937887256506656 -2694.473385804758891 -954.37339103527858697 7947.7405655656893941 14531
578000000 313.04434724683733293 13062.827183430506921 4290.2266250770071565 -2776.581243466813703 -979.28641794082659544 8046.0942864846474549 14526
579000000 308.20451961993296663 12860.869114409719259 4231.9397059528873797 -2756.4496094157939297 -1040.1744881546651413 8028.5638035233459959 14530
580000000 313.43315283923783454 13079.051403117418886 4249.6437811625328322 -2732.6815267801139271 -1016.1844064749924428 7998.5097144176397705 14534
581000000 312.57247298796431778 13043.136644533449726 4223.9762823537103031 -2696.3303075006501786 -1092.5922222795870766 8012.8988121339480131 14528
582000000 309.59343110200268256 12918.826112588807518 4213.5448389498005781 -2712.3904786302623506 -1134.470869358928212 8060.4061869389915955 14536
583000000 309.5344741458687281 12916.36593550523321 4109.6226837054582575 -2728.7270842587477091 -1066.9826858183582772 7905.3324537825646985 14534
584000000 307.86656960085662149 12846.76701438888449 4262.7698706711589693 -2723.8477739210429718 -1003.5832196854969425 7990.2008642776982015 14527
585000000 309.82894040291012061 12928.653529454502859 4333.0793953246356978 -2770.8996878493744589 -1009.2401418103333981 8113.2192249843446916 14531
586000000 309.56081251330948589 12917.464992380715557 4182.9844834102004825 -2749.8826212522126298 -1040.9399266824575534 7973.8070313448715751 14522
587000000 314.27015690359849032 13113.978209944412811 4282.0279369231675446 -2696.7305896961497638 -992.15201300101193738 7970.9105396203276541 14526
588000000 308.14445419483075739 12858.362682734110422 4215.4809783130840515 -2709.8577211971701217 -1041.2098661761506264 7966.5485656864057091 14522
589000000 308.52860865686312764 12874.392818379126766 4416.9647750626108973 -2707.503307987442895 -973.17581700962955438 8097.6439000596819824 14528
590000000 309.38960607003821224 12910.320828300413268 4296.6367393079071917 -2738.348634067162493 -978.51123656949800989 8013.496609944566444 14526
591000000 307.34236842718684102 12824.89295915925868 4432.6156516731371084 -2685.3611092793134958 -981.08323651013176914 8099.0599974625820323 14528
592000000 310.0388231753540822 12937.411593317745428 4419.6750874433873832 -2762.9635295772163772 -954.49509763304172338 8137.133714653646166 14525
593000000 307.92429879967664874 12849.175959173406227 4220.7584234736241342 -2750.6450220108290523 -1057.9625011554778666 8029.365946639930371 14528
594000000 310.08310632636789705 12939.259456580310143 4092.9794383349494638 -2762.6006638612252573 -1196.7827651292782321 8052.3628673254534078 14532
595000000 310.24125404032525921 12945.85870130409603 4149.3178555380882244 -2762.1931145669559555 -1003.7731711371416168 7915.2841412421848872 14534
596000000 312.78189409939750476 13051.875444039887952 4258.3738758441986647 -2726.1060246906727116 -1034.4088377863049573 8018.8887383211767883 14525
597000000 309.73126868581317694 12924.577848892413385 4290.647619372133704 -2765.4159099278240319 -953.39419380673086835 8009.457723106688718 14521
598000000 309.92664006429544088 12932.73037608591585 4495.7434822968989465 -2690.7689297547476599 -899.484366316643559 8085.996778368289597 14520
599000000 309.94364048950029655 12933.4397759471467 4251.805277947225477 -2776.6470844862878948 -1054.128457130069819 8082.5808195635836455 14521
600000000 310.68383089987253243 12964.326707778249329 4533.3325173950861426 -2713.907407956095085 -894.53376015383855702 8141.7736855050188751 14511
601000000 309.80027736295187424 12927.457467807585999 4321.0598060551328672 -2810.8234877254762978 -885.8222157678314943 8017.7055095484402045 14517
602000000 307.05280471597274072 12812.809940406647002 4348.5719788083179083 -2719.4260224590216239 -904.91658469096523731 7972.9145859583049969 14521
603000000 309.56770808102197634 12917.752733111867201 4431.9415504360995328 -2678.412412749714349 -897.83799509053255861 8008.1919582763466678 14519
604000000 309.07278142088580353 12897.100255318575364 4145.2423210109345746 -2699.9963017766135636 -1017.8057250511096754 7863.0443478386578136 14524
605000000 312.50249554690083187 13040.216600688574545 4362.6580643576762668 -2758.7113636695498826 -1008.1752078691652059 8129.5446358963909006 14530
606000000 309.02933058343120365 12895.287123135749425 4196.9659363826449407 -2776.3301802864157253 -1063.7978719444536182 8037.0939886135138295 14527
607000000 309.52086382389552455 12915.797999091717429 4126.9574465153364144 -2768.8643031574374618 -1048.5412378677615379 7944.3629875405349594 14529
608000000 309.45681042003496941 12913.125155603247549 4121.4188658180082712 -2772.086818407606188 -1028.9830525820084404 7922.4887368076233543 14526
609000000 310.00423009118361506 12935.9680806517772 4139.5162843738453375 -2789.1328969589940243 -1090.824394689187784 8019.4735760220282828 14527
610000000 307.63465171075904436 12837.089461205976477 4254.9815068521811554 -2814.0546979211894723 -948.35666205312827515 8017.3928668264998123 14525
611000000 309.75774491389682908 12925.682658466415887 4156.1437047055733274 -2790.4705992923873055 -1014.8050656177563269 7961.4193696157180966 14528
612000000 308.31843949780505909 12865.622804072183499 4192.8276587664222461 -2811.6385569978965577 -1033.7543490950029081 8038.2205648593208025 14528
613000000 312.31044274694988871 13032.202552334349093 4249.1599536232370156 -2830.3960861189407296 -1054.7837157659328113 8134.3397555081101018 14528
614000000 312.73579437676073667 13049.951778222874054 4124.7304325450431861 -2741.3363626532946 -1077.5947878811430201 7943.6615830794808062 14531
615000000 311.23710043191886143 12987.413737927621696 4240.5230888357064032 -2845.8974324527744102 -968.70796299396931772 8055.1284842824506995 14532
616000000 315.27110732935358328 13155.74622954231927 4280.2286341539956993 -2773.5056530833644501 -990.37776385374877464 8044.1120510911096062 14524
617000000 310.42970184466201999 12953.722319103932023 4204.0586182258075496 -2823.3796435066351478 -1048.3524191969161166 8075.7906809293572223 14523
618000000 309.61490141570180867 12919.722033565794845 4123.7251945678453922 -2801.5513509250931747 -1041.4361105950047204 7966.7126560879441968 14534
619000000 312.62212725787588852 13045.208635778391908 3973.7779948516172226 -2740.0189639353930033 -1205.3978069057116045 7919.1947656927222852 14538
620000000 307.30091764307201174 12823.16328592199352 4359.2653014377810905 -2746.0315950083795542 -971.05410762335918662 8076.3510040695191492 14536
621000000 310.13705864195549111 12941.510798222047015 4180.8406944457983627 -2805.6664624073073355 -1080.7863162032138007 8067.2934730563192716 14537
622000000 313.03493017388365161 13062.434224421185718 4156.0257929906965728 -2788.5838504134139839 -1176.505699522111172 8121.115342926221274 14549
623000000 309.40278024364044995 12910.870564957740498 4243.3126020599047479 -2774.9168478486799359 -1000.3026055234631713 8018.532055432047855 14536
624000000 311.48007967659356154 12997.552863295197312 4194.8631100037900978 -2756.7500134210959004 -1019.5161882363953509 7971.1293116612796439 14533
625000000 311.46560988874563236 12996.949062780347958 4170.3502128909922249 -2695.9618311484418882 -1055.1988649319732758 7921.5109089714078436 14535
626000000 310.188501006842273 12943.657403737632194 4230.1487086518845899 -2804.3037877322949498 -1029.1232681715227955 8063.5757645557023352 14531
627000000 308.21034495304326128 12861.112196006222803 4385.6432339141374541 -2748.551844249932401 -981.69404834289559858 8115.8891265069660221 14530
628000000 308.28596099636246208 12864.267529475300762 4399.8085420880761376 -2635.0695942036554698 -1028.0633444909544778 8062.9414807826869946 14532
629000000 313.39038168890709812 13077.266633163511869 4221.5871847958296712 -2717.7541187962401636 -1039.4254414088088652 7978.7667450008793821 14526
630000000 312.17380406573096252 13026.500844269558002 4422.5413169234398083 -2669.4511941430778279 -943.76934512908474062 8035.7618561956023768 14527
631000000 313.31804228959157399 13074.248028674650413 4221.3994055329476396 -2765.5768609545411891 -1020.0268888059013079 8007.0031552933887724 14533
632000000 312.04977346239769531 13021.325250616298945 4320.6605349445189859 -2752.7219461891718311 -907.30998858313068922 7980.6924697168215062 14531
633000000 312.12636102005455996 13024.521123785298187 4232.000014957006897 -2706.9415860667886591 -1037.9561335467155914 7976.8977345705116022 14529
634000000 310.80088809615176615 12969.211312592296963 4251.1477114875788175 -2717.5420609503480591 -1089.4669466781456322 8058.156719116072054 14534
635000000 310.93762581960476155 12974.917153527076152 4251.5395754891605975 -2705.3474381864448333 -1001.2196667557888077 7958.1066804313950342 14537
636000000 310.15413914597445455 12942.223539640850504 4283.9196350474621795 -2673.6772612359841332 -1137.7167579416350236 8095.3136542250813363 14538
637000000 311.5975846133958953 13002.456151586929991 4188.9677334871539642 -2712.9562579426019511 -1076.2747961323900654 7978.1987875621471176 14540
638000000 310.64489155986080959 12962.701832984363136 4193.7582211548306077 -2729.6674567333343475 -1128.2925437314308965 8051.7182216195960791 14535
639000000 313.07433342584386082 13064.078457499816068 4339.7364134248873597 -2744.9224751199653838 -973.08839393875359747 8057.7472824836058862 14536
640000000 309.02334653596108183 12895.03741864931726 4259.9526847738634387 -2729.4262223556106619 -997.6407596120288872 7987.0196667415029879 14530
641000000 311.50857688847952431 12998.742005208634509 4194.8069922510385368 -2725.1442906721304098 -1092.8681593495884954 8012.819442272757442 14537
642000000 310.30767441839844878 12948.630314744361385 4300.3264778693355765 -2766.7495653474729806 -1019.4843779067358582 8086.5604211235449839 14530
643000000 307.21378904016120259 12819.527552223024031 4464.7299762328166253 -2707.6309512243478821 -969.97921257521704774 8142.3401400323809867 14532
644000000 306.64698007419286796 12795.875543702246432 4446.1990797322232538 -2700.6644000917576705 -903.33017648402210398 8050.193656308003483 14530
645000000 312.66089673061344456 13046.826422289528637 4287.1265600175902364 -2727.7099687915283539 -1006.3515798092394107 8021.1881086183575462 14532
646000000 313.06279234417763746 13063.596867090527667 4373.3722281839663992 -2739.7516154082477442 -1036.3315797364364244 8149.4554233286507952 14533
647000000 307.48998234513896932 12831.052645852330897 4254.6196173352700498 -2759.5160269895950478 -1048.8866429686631818 8063.0222872935282794 14530
648000000 308.31497098442503102 12865.478068697579147 4235.6353847084810695 -2757.6128956903467042 -1094.1767434800510728 8087.4250238788790739 14529
649000000 311.1113064637752359 12982.164561952940858 4259.1233860808706595 -2716.2422163552032544 -1048.1572934971036375 8023.5228959331780061 14526
650000000 309.78716449403083288 12926.910289294059112 4511.2217315179950674 -2656.5154909152474829 -988.59836265536046085 8156.3355850886027838 14526
651000000 307.08952521380979306 12814.342226555729212 4344.3781060679602888 -2631.7320411779714959 -1043.549358420793169 8019.6595056667247263 14531
652000000 310.96072926583764229 12975.881222446179891 4346.9988286545758456 -2692.6277040769309679 -1036.7811415288706485 8076.4076742603765524 14528
653000000 306.81861896060377148 12803.037752925511086 4122.9641172147512407 -2733.9048592853423543 -1035.2343144249839497 7892.1032909250779994 14525
654000000 310.19012048310776208 12943.724981826071598 4359.7268289441508387 -2706.1721371110261316 -993.79798980484383719 8059.6969558600212622 14530
655000000 313.83927433260117823 13095.998186951528623 4410.0232595124271029 -2770.9793005461392568 -940.19186729638499855 8121.1944273549515856 14535
656000000 311.0618149549879945 12980.099362462769932 4162.424500244364026 -2693.9038671325515679 -1169.4405873586094913 8025.7689547355248578 14535
657000000 311.91501276825107425 13015.701907871929507 4366.7454247284986195 -2681.6738987579733475 -976.42255628873238038 8024.841879775203779 14534
658000000 309.5560254602167447 12917.265236506449583 4369.7805627803463722 -2735.7238408284779325 -949.15645951798751412 8054.6608631268136378 14533
659000000 310.45413219689214657 12954.741757634028545 4288.5115132903902122 -2767.288119689535506 -972.31131361454072248 8028.1109465944646217 14531
660000000 312.97722095192978031 13060.026113238525795 4223.390617149974787 -2748.5063091571164478 -1043.4158092159830176 8015.3127355230735702 14527
661000000 309.17815436333086154 12901.49729538358406 4381.6520851188779488 -2736.5370601611275561 -997.63655270284380094 8115.8256979828493058 14526
662000000 309.7222991302382411 12924.203564049328634 4256.1901066535301652 -2707.6522257164497205 -986.89609981314777087 7950.7384321831286798 14528
663000000 310.29999334131923661 12948.309795995657623 4255.4453325030008273 -2726.6172046617084561 -1106.0784961404945079 8088.1410333052035639 14535
664000000 312.9807125506858938 13060.171811928012175 4260.7739617964653007 -2745.4386753165390473 -1027.2697252677251072 8033.4823623807305921 14531
665000000 308.98250868148113568 12893.333321960444664 4324.7681343100575759 -2790.8503179947888384 -1019.7277520392719907 8135.3462043441186324 14534
666000000 310.005260276632157 12936.011068600926592 4212.612032124747202 -2823.6520779902366485 -1011.4910960969701819 8047.7552062119539187 14529
667000000 308.62335182813927759 12878.34629552725346 4316.9486705984672881 -2820.1461576032279481 -1001.9627814536597725 8139.0576096553550087 14529
668000000 310.55966807557501852 12959.145596761009074 4200.1179646274895276 -2740.3963672346772 -1072.3279590672223094 8012.8422909293885823 14527
669000000 311.98657050621494591 13018.687894914597564 4273.2550023325975417 -2740.3795174405104262 -1010.1103242438608731 8023.7448440169691821 14532
670000000 312.14323789576712898 13025.225368128849368 4296.871812939184565 -2767.8543975463917377 -1067.4347233224991669 8132.1609338080761518 14532
671000000 311.83491031417543127 13012.3593638401926 4195.9418498715076566 -2762.1917647956361179 -1100.0616588083835268 8058.1952734755286656 14537
672000000 311.69098792817146659 13006.353718720800316 4249.7575788882459165 -2717.3178176629162408 -1023.7086110105817625 7990.7840075617441471 14537
673000000 307.56114807011641687 12834.022274836019278 4137.1417030962047647 -2792.709043159041812 -1095.254905705922738 8025.1056519611693147 14531
674000000 308.41395924640136172 12869.608686518207833 4170.2140086485633219 -2831.1430853494057374 -1018.8659114926001621 8020.2230054905685392 14528
675000000 309.05101025685382865 12896.191780350625777 4384.6187541879862692 -2705.8359265465378485 -910.39334696003743375 8000.8480276945610967 14522
676000000 308.09459313772578071 12856.282062598740595 4231.8084989557401059 -2724.1258098061707642 -995.59235246541902598 7951.5266612273298961 14524
677000000 308.19482132545539343 12860.464420487440293 4254.0207852413568617 -2769.694792303351278 -1045.7234659973346425 8069.4390435420427821 14532
678000000 309.37045996600653552 12909.521892780889175 4270.45350376710212 -2707.5844290169243322 -977.44782569441713349 7955.4857584784440405 14536
679000000 308.85280921004221 12887.921175738705642 4231.0480662570880668 -2771.861479501746544 -1066.4793223014730756 8069.3888680603085959 14538
680000000 311.81368250954528776 13011.473562368913917 4342.1168658993592544 -2769.4939316505069655 -1004.0102278558669013 8115.6210254057332349 14528
681000000 308.13562381603969698 12857.994205509952735 4187.6199525209040075 -2754.5605303700835975 -1130.8353439032430288 8073.0158267942306338 14528
682000000 309.89176728287532114 12931.275192112454533 4403.4048286331953932 -2738.2394534915274562 -952.04186644788285321 8093.6861485726058163 14524
683000000 310.5323294781601362 12958.00480192919531 4365.8059912190965406 -2682.8033396070813978 -1028.5890275880842637 8077.1983584142617474 14524
684000000 309.56819065441732164 12917.772870108181451 4349.055534000883199 -2704.3991928499217465 -972.40984117434049949 8025.8645680251456724 14527
685000000 312.64240524459421522 13046.054802906019177 4345.2731696124646987 -2713.4872706018113604 -994.10590052559905416 8052.8663407398744312 14529
686000000 313.7259673305422325 13091.270071591561646 4410.6644269579846878 -2633.6476345229211802 -969.03749879992972183 8013.3495602808361582 14526
687000000 311.53832736779514789 12999.983443916415126 4354.9640606411385306 -2716.761803344738837 -1012.4728868206955212 8084.1987508065740258 14529
688000000 306.75775410872489601 12800.497962481660579 4352.3140242943709382 -2726.806346250686147 -997.65670648842979062 8076.777077033486421 14527
689000000 309.11166524752383111 12898.722813630423843 4353.9448706253842829 -2703.0981732858308533 -944.47473119224264337 8001.5177751034589164 14523
690000000 312.13415454607002175 13024.846334843681689 4188.9962263950510533 -2701.8704031908409888 -1137.8024901626736209 8028.6691197485652083 14534
691000000 311.66523150588011504 13005.278945461948751 4408.3312912392120779 -2722.5718857205783934 -979.59554403685888246 8110.4987209966493538 14528
692000000 310.29959383097889258 12948.293125084395797 4240.365904549977131 -2811.4294904877074259 -1060.7258446095238469 8112.5212396472088585 14527
693000000 309.27823647251466355 12905.673557654152319 4272.0334291886392748 -2705.8599994711121326 -1059.0335882389103972 8036.9270168986604403 14533
694000000 310.46364299037651335 12955.138627447384351 4395.1865016570500302 -2705.4694555484720695 -1044.2031312259866809 8144.8590884315090079 14524
695000000 310.20289952897769581 12944.258230451181589 4339.2362338744333101 -2613.7642084747631088 -963.78656880314235877 7916.7870111523398009 14524
696000000 309.78875079647303892 12926.976483093261777 4303.9991514088978874 -2716.7251845953715019 -1066.2481282252297206 8086.9724642294986552 14529
697000000 311.79664285758633469 13010.762525639571322 4351.3872606390023066 -2730.1409729134516056 -938.36250385079620173 8019.8907374032505686 14522
698000000 309.28492775401520021 12905.952773856730346 4278.8954943501648813 -2648.203961313981381 -1048.6546127039298426 7975.7540683680763323 14533
699000000 310.16460845416673919 12942.660406700897511 4367.8416355203116836 -2760.9399203578136621 -1008.0293092612056398 8136.8108651393322361 14529
700000000 309.83098833849732046 12928.738986447717252 4370.6407794246115373 -2721.6894556605407161 -1065.3002402212355264 8157.6304753063877797 14530
701000000 307.83432215039141511 12845.421381170339373 4351.0142104925698732 -2703.3643704830155912 -1009.2656743218547035 8063.6442552974403952 14524
702000000 308.71302252994763649 12882.088106843897549 4413.2702155256138212 -2656.0073231121214121 -900.52057996368102977 7969.7981186014167179 14524
703000000 311.57665411475784367 13001.582756207086277 4335.7911819095870669 -2666.4123362675145472 -970.532414509579894 7972.7359326866817355 14525
704000000 308.67544095147161443 12880.519889212017006 4370.9212919917463296 -2656.2421155656329574 -1002.7578608252296135 8029.9212683826090142 14521
705000000 308.9646410998904571 12892.58773708546687 4380.472993032888553 -2659.1693617655610069 -945.17070878276149415 7984.8130635812121909 14517
706000000 312.68036668173039061 13047.638871416776965 4240.6109636165347183 -2643.0094270128583958 -1099.6821268053504355 7983.3025174347430948 14525
707000000 310.12185427841785668 12940.876345068450973 4332.3404945004749607 -2723.6915191227781179 -967.31884102716310281 8023.350854650416295 14527
708000000 308.26411034285035839 12863.355737541716735 4183.5713932825365191 -2706.3962643093136649 -1087.9587064135525907 7977.9263640054023199 14529
709000000 309.02350364425728912 12895.043974520844131 4230.102308849867768 -2699.1986741855289438 -1102.5679576309541972 8031.8689406663515911 14530
710000000 308.44681609065486327 12870.979748740066498 4264.3854532536743136 -2679.6820103538138937 -1090.2802806052241067 8034.3477442127114045 14532
711000000 311.29969232652399569 12990.025595031898774 4418.3042268658600733 -2589.0251027379558764 -1027.1497936916771323 8034.4791232954921725 14531
712000000 307.51465702028104943 12832.082279576827204 4335.5402184265194592 -2655.7452865160780675 -1051.7675163245771728 8043.0530212671746995 14527
713000000 307.5526167151965069 12833.666275387571659 4279.5809468340266903 -2637.5710930841055415 -1075.1100209798812557 7992.2620608980141697 14525
714000000 313.7265050314557584 13091.292508968794209 4427.4309657830281139 -2603.3616507376473237 -1024.8710486670574937 8055.6636651877315671 14531
715000000 310.42362585656888996 12953.468778086094972 4225.236257996830318 -2660.1309088939165122 -1050.7862490808145139 7936.1534159715611167 14529
716000000 307.70286964475866398 12839.93608370685979 4380.4756183674280692 -2671.7171659865980473 -925.71279865008659726 7977.9055830041124864 14525
717000000 310.47490008477086576 12955.608367533586716 4328.5138650639937623 -2647.381733154925314 -982.58841102164217318 7958.4840092405611358 14529
718000000 307.28189646384396383 12822.369563309635851 4301.7731646725660539 -2671.8608865190799406 -1047.1249585292284792 8020.759009720874019 14535
719000000 310.52485098952507769 12957.692736863999016 4371.4343191815014507 -2620.2382004410719674 -996.33401800462263509 7988.0065376271959394 14532
720000000 309.27521504856741785 12905.547478588301601 4143.5048991831426974 -2746.4390837025694054 -1070.9096880097577014 7960.8536708954688947 14526
721000000 309.44674149530385421 12912.704995888363555 4123.1343197017067723 -2722.3148449630252799 -1087.9128570546376977 7933.3620217193692952 14528
722000000 310.79804871376302344 12969.092829822115164 4264.7163348241592757 -2699.5947089941987542 -1111.7010097696174853 8076.0120535879750605 14525
723000000 307.7097446100030993 12840.222964730810418 4247.9486265174518849 -2754.7884829360455115 -965.26294909460261806 7968.0000585481011512 14523
724000000 311.06610209944653889 12980.278257969635888 4350.5756692064906019 -2735.5884526459967674 -910.28380463427379254 7996.4479264867604797 14523
725000000 308.83545466376119748 12887.196998985764367 4166.554653252420394 -2682.5421421078699495 -1058.7925460002770706 7907.8893413605683236 14528
726000000 310.61392346750847082 12961.409585281578984 4194.877148640382984 -2724.1163188503487618 -1029.9466642917641366 7948.9401317824949729 14527
727000000 313.66337237105000213 13088.658086594574343 4391.0225402364612819 -2609.2645301360144003 -1007.4211869057232889 8007.7082572781991985 14520
728000000 309.47105143524606774 12913.719409811175865 4326.4076795951050372 -2703.678984782416137 -988.47745703059035804 8018.5641214081115322 14533
729000000 308.49753618565523539 12873.096215117893735 4338.2295578007287986 -2660.9814140690377826 -1010.3814211723921517 8009.5923930421604382 14535
730000000 308.76867634954578534 12884.410449457338473 4222.7833162195256591 -2707.7250240211774326 -1053.9643058789922634 7984.4726461196951277 14532
731000000 308.8808251661875488 12889.090235639398088 4312.5858487557588887 -2702.8370515509623146 -1021.7932981594130979 8037.2161984661343013 14535
732000000 310.24805029461174399 12946.142297848866292 4370.9634166624528007 -2699.3405666373228087 -1070.0790824304783655 8140.3830657302551117 14534
733000000 309.62564111879794382 12920.170183761701992 4195.5101744103922101 -2729.4388843579249624 -1079.9304598061785327 8004.8795185744947958 14527
734000000 310.60863251980043742 12961.188802711460085 4174.5656776118530615 -2695.4987347200767545 -1071.110882888791366 7941.1752952207207272 14528
735000000 309.99529225645648012 12935.595119467645418 4420.6125302200925944 -2649.6034736315345981 -858.08744770839382454 7928.3034515600229497 14527
736000000 307.58448094466416478 12834.995917422413186 4362.2919700018110234 -2680.3023643892720429 -985.74752113175304657 8028.3418555228363402 14526
737000000 311.89897980200015581 13015.03287848610853 4372.3089836868148268 -2676.5003825864023383 -989.96592269156690236 8038.7752889647845222 14528
738000000 307.4204753318901453 12828.152232188607741 4310.4856597455254814 -2686.1803266748347596 -1035.1509314336044554 8031.8169178539665154 14530
739000000 311.22873666354513489 12987.064731590888186 4327.9597688998019294 -2719.3528363580644509 -934.85163167502537362 7982.1642369328919813 14532
740000000 306.87574579347528925 12805.421561966946683 4375.329360268057826 -2692.5237010813671077 -966.67356917103359137 8034.5266305204586388 14525
741000000 312.78488506295673233 13052.000252043704677 4158.4847236999212328 -2784.0478195533414691 -1078.7063159136887407 8021.2388591669514426 14533
742000000 309.45858125467924538 12913.199049628590728 4150.9127986848925502 -2780.5493701815894383 -1073.443773928626797 8004.9059427951087855 14528
743000000 310.03731556831132821 12937.348683348493068 4324.213615819210645 -2768.8260981194171109 -955.87387897563530714 8048.913592914263063 14529
744000000 308.11952849026073409 12857.322573963301693 4322.2702912203621963 -2686.7836892618970523 -974.33065610911035037 7983.3846365913705085 14526
745000000 311.38232291613269354 12993.473634013009359 4387.0338234122918948 -2673.5842334593662599 -978.01130349269442377 8038.629360364353488 14522
746000000 310.4841749426391857 12955.995392140643162 4375.8496640778503206 -2703.0113752679253594 -927.05527220094097629 8005.9163115467163152 14528
747000000 309.54547054224991598 12916.824797090919674 4252.6853142522704729 -2738.1998731034345838 -1037.0384900020362693 8027.923677357741326 14529
748000000 310.82475584698175908 12970.207274688695179 4292.1071036884168279 -2728.4612936835064829 -1004.4443565131030027 8025.012753885026541 14527
749000000 313.07875431363493135 13064.262933896594404 4202.6258175677103281 -2753.0901031427360977 -1022.7287259565404156 7978.4446466669869551 14527
750000000 308.39851429554346396 12868.964194050327933 4306.3385775499455121 -2749.7706116178933371 -986.73816323941923656 8042.8473524072578584 14523
751000000 310.94971777512819244 12975.421730998930798 4368.8202170921358629 -2712.2818530868598828 -937.56602534727653619 8018.6680955262727366 14523
752000000 307.50019838707873987 12831.478944527043495 4216.807599099673098 -2719.7704039369164093 -1041.2354486054696281 7977.8134516420595901 14527
753000000 310.72642508165353092 12966.104093124824431 4327.8772486885754915 -2698.7829075386389377 -885.66116577882576166 7912.3213220060406456 14521
754000000 309.89130197420956847 12931.255775544988865 4463.5090290475473012 -2695.83168414784177 -829.55700999044893251 7988.8977231858380037 14518
755000000 310.0028693092453409 12935.91129745332546 4228.3236588553018009 -2652.6550370771574308 -1051.4929676368590208 7932.4716635693175704 14522
756000000 308.37960654674532179 12868.17520470376985 4468.6220102028382826 -2632.9364791115685875 -904.94482459724758883 8006.5033139116549137 14516
757000000 309.97812591032931095 12934.878795998456553 4329.6520753192226039 -2665.2237924358669261 -995.86397313088775718 7990.7398408859771735 14520
758000000 308.00208254094593485 12852.421747122676607 4275.1140995845616999 -2680.1359641076423941 -959.48897442366001087 7914.7390381158656965 14524
759000000 308.99822139249874908 12893.988987620634362 4424.3801921588865298 -2688.7046168486963325 -1039.889612680899063 8152.9744216884810157 14527
760000000 307.37636557077212274 12826.311604202015587 4425.5378569416670871 -2731.1028420591592294 -880.95579446759529674 8037.5964934684216132 14526
761000000 311.61012985291631594 13002.979643856544499 4416.9245435026787163 -2700.0859080299169364 -1045.8000863146064603 8162.8105378472027951 14533
762000000 311.32719627595213296 12991.173289732032572 4168.2726096143351242 -2716.8974006303460556 -1094.4629595019659973 7979.6329697466462676 14535
763000000 309.98309089312368769 12935.085976587346522 4162.9690529375393453 -2711.0854819478481659 -1081.6281241543524629 7955.6826590397395194 14529
764000000 309.76547491647636434 12926.005218796004556 4301.9574336040313938 -2696.0475063296353255 -1041.8095575586185078 8039.8144974922834081 14527
765000000 311.61568457498998441 13003.211433298321936 4200.2878915312630852 -2788.2060061570573453 -1021.1374672183503662 8009.6313649066705693 14530
766000000 311.16799943909938975 12984.530266830499386 4136.275097782055127 -2830.8913883749100933 -965.2690479476548262 7932.4355341046193644 14524
767000000 309.55335152661535858 12917.153657642807957 4196.8212490584146508 -2772.8597873386388528 -1101.5098445591715972 8071.1908809562255556 14526
768000000 310.25477848099762923 12946.423054031783977 4232.0478820956577692 -2742.4176527719278056 -1038.6271188623818489 8013.0926537299674237 14530
769000000 314.09654998817967453 13106.733878098431887 4185.8458750977688396 -2771.1360075985812728 -1106.5058434867110009 8063.4877261830606585 14535
770000000 312.11241570810301482 13023.939208789406621 4091.5090957877609981 -2812.3890438085300048 -1089.1683728178761612 7993.0665124141669367 14534
771000000 306.32173216851469988 12782.303482040655581 4144.634382814179844 -2755.3804228181197686 -1075.6820455626093462 7975.6968511949089589 14538
772000000 309.80836818146360656 12927.795084394247169 4362.9541309453361464 -2707.6025633396166086 -992.23994903457059991 8062.7966433195224454 14534
773000000 312.88758339868536495 13056.285685157086846 4134.340652955306723 -2802.1879685337225965 -1130.6165513683004065 8067.1451728573283617 14538
774000000 312.92968842306021315 13058.042658767375542 4214.44983824341125 -2781.7737010602459122 -1037.0850303185334269 8033.3085696221896796 14534
775000000 307.08763367840191449 12814.263295885484695 4254.1464941569647635 -2773.4764210380417353 -987.00406140916663844 8014.626976604171432 14529
776000000 309.43688460618966474 12912.293684072010365 4213.7362005955701534 -2758.6207572822213479 -943.37870927318499525 7915.7356671509769512 14536
777000000 307.16963536163859771 12817.685091635166827 4150.1205378724571347 -2781.9755315988650182 -1008.6932292196675007 7940.7892986909901083 14521
778000000 312.93852345684035754 13058.411330236594949 4208.6582791462778914 -2751.5047874695505925 -1077.7860998310911782 8037.9491664469196621 14523
779000000 316.96475825382964331 13226.419504846802738 4139.826588921903749 -2779.9427381284613148 -1096.0836921589227586 8015.8530192092885045 14542
780000000 309.33590967288358797 12908.080165715151452 4227.3876797945358703 -2816.8282533946385229 -1092.5069423752761395 8136.7228755644500779 14540
781000000 310.00499083207108697 12935.999825121312824 4192.415354392590416 -2810.2867028125547222 -1008.2875712239386985 8010.9896284290825861 14539
782000000 309.07307629124352388 12897.112559774981492 4300.5473280624237304 -2757.8006726813378009 -974.89028568168532729 8033.2382864254468586 14531
783000000 309.91652724530285923 12932.308384735491927 4296.6542549133091597 -2773.3925801410878194 -900.87779728573138982 7970.9246323401284826 14523
784000000 307.2532086075249822 12821.172466116684518 4208.3510825770381416 -2841.3239804256927528 -1004.7268095854105923 8054.4018725881414866 14531
785000000 308.95135075622835075 12892.033152842072013 4229.3409166400833783 -2747.5837657338624922 -972.72015332852731717 7949.6448357024737561 14531
786000000 310.30219832776481326 12948.401806463611138 4128.4863602875575452 -2819.994986375219014 -1060.0550436315274965 8008.536390294303601 14538
787000000 309.98988074021724515 12935.369305770465871 4332.8472130821483006 -2705.192125827572454 -1031.0856793989601101 8069.1250183086795005 14536
788000000 313.23938265925454516 13070.965691311137562 4165.7217171982410946 -2759.1422157890469862 -984.09538421611318881 7908.9593172034010422 14532
789000000 311.83877241682557724 13012.520523049510302 4350.7069518943044386 -2706.5156398675230776 -1019.1750252798140082 8076.3976170416417517 14535
790000000 311.41514682267239778 12994.843321798092802 4255.7755903085326281 -2758.9732169481349047 -1095.9781216613787365 8110.726928918046724 14538
791000000 309.04555716556410516 12895.964231794774605 4227.0950492132797081 -2704.2848365361505785 -1046.8711262238875861 7978.2510119733178726 14533
792000000 308.83202226901181575 12887.053770782376887 4158.7437477285648129 -2675.031640258133848 -1042.1854204667808972 7875.9608084534793306 14530
793000000 307.71097768036952402 12840.274418734830761 4159.4820960388497042 -2688.2983596112812847 -1112.9026858314311994 7960.6831414815624157 14532
794000000 307.09453963292918388 12814.551470041382345 4175.2106844791032927 -2742.1606023007816475 -1044.8749047367787171 7962.246191516664112 14530
795000000 307.47156387219314411 12830.284073184624503 4299.8654246634469018 -2702.4494002429146349 -1079.5846630147862015 8081.8994879211477382 14535
796000000 312.07886024504887246 13022.538994350808935 4258.3043470056063597 -2728.3361590443419118 -1013.444953232735088 8000.0854592826835869 14536
797000000 309.16558759435469028 12900.972904725093031 4346.9153413268495569 -2705.3387398282570757 -1072.3604218858258719 8124.614503040933414 14523
798000000 305.50799396839039446 12748.347521569667151 4249.5948826780258969 -2725.091301177339119 -1010.524127189660021 7985.2103110450243548 14532
799000000 309.84201653323719938 12929.199174926759952 4185.1256207761325641 -2675.8343143014844827 -1045.8963697282715657 7906.8563048058886125 14538
800000000 310.62099019002317846 12961.704468021915091 4192.1787522993936363 -2710.1717204582414524 -1160.533320979254313 8062.883793736888947 14533
