# Steps Temp KinEng PotEng Epair Ebond Eangle Bonds
1000000 312.01655149538117939 13019.938952420381611 4047.0849701762685982 -2769.4087931460944674 -1176.3115421747118035 7992.8053054970750964 14535
2000000 315.08255181768168995 13147.87811729204077 4169.6652030846316848 -2671.0572916278697448 -1068.5706637356734063 7909.2931584481739264 14526
3000000 310.66432948496537847 12963.512945718639457 4070.0366844807667803 -2713.3264729170641658 -1024.8458150681019561 7808.2089724659326748 14526
4000000 308.26243248237454964 12863.285723175937164 4215.9592136303963343 -2728.9685195333086085 -975.27821507183182348 7920.2059482355361979 14525
5000000 308.95050334969755568 12891.997791957383015 4218.2067136981622753 -2755.0383861355030604 -1054.8780552285566046 8028.1231550622214854 14532
6000000 308.73152977745428416 12882.860383928427837 4095.1431911869131 -2751.9141145601024618 -1083.1563908642526712 7930.2136966112693699 14526
7000000 309.21066065123324051 12902.853729463860873 4299.9205167803484073 -2786.1784687300641963 -976.94443806903996119 8063.0434235794527922 14530
8000000 313.92646328236713771 13099.63643882578981 4289.3861047760110523 -2824.1024395683057264 -973.36167653938866806 8086.8502208837062426 14529
9000000 309.64424360657898205 12920.946435066676713 4155.755685610933142 -2797.6427894257112712 -929.98320197771090534 7883.3816770143557733 14519
10000000 310.27246086830785998 12947.160911053179007 4337.9764891196737153 -2795.8022249089399338 -959.99842472694092521 8093.7771387555549154 14528
11000000 308.74344547419985929 12883.357606410565495 4211.895493573116255 -2768.0860824670098737 -961.27924613289337685 7941.2608221730206424 14524
12000000 306.78508769971853098 12801.638548403727327 4201.1595731192583116 -2786.7454229650111301 -989.98114241012262937 7977.8861384943920712 14530
13000000 309.36578437793866669 12909.326788159296484 4284.6979288824550167 -2734.4489336474052834 -1016.07253278988685 8035.2193953197465817 14527
14000000 308.37878314350291475 12868.140845436935706 4302.5875926737471673 -2722.7704977911853348 -912.35230546967716236 7937.7103959346086413 14522
15000000 307.41042408373243688 12827.732810088140468 4297.3195999168256094 -2707.9352927021955111 -1059.0651655933997972 8064.3200582124209177 14526
16000000 306.67137770505303251 12796.893616823241246 4274.6466416463699716 -2760.9819203210399792 -959.95612199250172125 7995.584683959911672 14520
17000000 311.59544887606597285 13002.36703077099628 4216.3914399258719641 -2750.9020010730855574 -1014.334932431239622 7981.6283734301969162 14520
18000000 310.08078622669830793 12939.162642626317393 4192.9284499606046666 -2732.0483120863073054 -1020.9106526162119053 7945.8874146631242184 14529
19000000 309.29192100260706866 12906.244590650772807 4208.2072639671741854 -2695.5479468683975028 -956.31681872970034419 7860.072029565271805 14524
20000000 310.03742223556167801 12937.353134397904796 4257.4854809359367209 -2739.908948993109334 -1000.4853738218275794 7997.8798037508731795 14521
21000000 308.14833316422277676 12858.524545764903451 4339.817685131340113 -2696.7498759493819307 -879.30654870573857806 7915.8741097864594849 14519
22000000 312.43898318123206082 13037.566333836486592 4259.3668562338607444 -2683.1262684281141446 -1050.6096556250945468 7993.1027802870685264 14527
23000000 314.42515036041271514 13120.445832690944371 4339.7214417179930024 -2674.4250790607034105 -996.85664731897236379 8011.0031680976699135 14528
24000000 314.55397050671285797 13125.821286116832198 4166.5535668614265887 -2735.0257833433333872 -1024.5062122824497237 7926.0855624872101544 14524
25000000 310.68601117616810825 12964.417687132170613 4203.7662047495159641 -2713.4828705542436182 -1016.6696682859123939 7933.9187435896728857 14521
26000000 311.53621207291945439 12999.895176130568871 4241.6765610454276612 -2661.2585178892168187 -1046.3526975934214533 7949.287776528066388 14521
27000000 309.2549669322655177 12904.702557904161949 4275.3638780568917355 -2707.1201196496058401 -982.86472908879170518 7965.3487267952896218 14516
28000000 311.59565712644103996 13002.375720717594959 4091.2639933107793695 -2750.5061747133295285 -1070.56515893944038 7912.3353269635490506 14523
29000000 310.9033343837259622 12973.48622814958253 4316.5646541771275224 -2668.0466687283797 -976.11854673674724836 7960.7298696422549256 14527
30000000 310.21712928184382463 12944.852014699925348 4259.6059984008825268 -2692.9353137241555487 -1003.3298167536194114 7955.8711288786580553 14522
31000000 311.5511629452293505 13000.519051510984355 4369.040235245900476 -2658.6677518712799611 -1012.7159770837629367 8040.4239642009433737 14526
32000000 311.40424666778716301 12994.388476212185196 4330.7177474209102002 -2677.5328309261485629 -942.34842295982093674 7950.5990013068803819 14514
33000000 313.12665448069617469 13066.261729306514098 4314.3408661992780253 -2683.6756808113159423 -1046.7300064493956597 8044.7465534599905368 14525
34000000 307.06745221703539528 12813.421156602476913 4339.5993643397059714 -2638.9278582172737515 -984.3653606433783807 7962.8925832003578762 14523
35000000 307.33026009251653932 12824.387698212467512 4386.0336415730844237 -2649.650499264618702 -964.85905492096253511 8000.5431957586661156 14518
36000000 314.7639059598452036 13134.581548258798648 4450.7432587879739003 -2631.2226496634602881 -990.44384318886875462 8072.4097516403035115 14525
37000000 312.33837616102152879 13033.368167889686447 4329.6609240995185246 -2611.6553265280604137 -983.50367880094131579 7924.8199294285204815 14523
38000000 312.65522975008070716 13046.589948486369394 4575.2385468959946593 -2665.7766862741759724 -873.695834958343994 8114.7110681285139435 14514
39000000 307.77545382374154315 12842.964902449773945 4395.6468654067894022 -2657.3312000902014915 -975.8525237930697358 8028.8305892900607432 14518
40000000 308.85565426821727897 12888.039895350142615 4352.9639983349907197 -2621.7384133258046859 -964.50340513541436849 7939.2058167962104562 14519
41000000 310.47086945065410646 12955.440175782578081 4262.9699162663864627 -2670.9607069497524208 -1046.2547900131742153 7980.1854132293128714 14522
42000000 309.44268938590556672 12912.535908009078412 4230.0330670550501964 -2697.4203160057472815 -1031.9461129199394236 7959.3994959807369014 14519
43000000 308.98444600746643118 12893.414163396382719 4481.3313526163710776 -2714.8010101832883265 -875.63819633650814467 8071.7705591361682309 14515
44000000 311.017974916692026 12978.269989567166704 4317.5366209379890279 -2709.0116314568012967 -1024.0357029873071042 8050.5839553820969741 14518
45000000 312.02102868559944682 13020.125778225106842 4496.2540591315173515 -2740.5120897409310601 -924.11138477428539773 8160.8775336467351735 14518
46000000 308.36676419493983303 12867.639314425796329 4391.9053032388947031 -2682.7342871699338502 -1005.3691323234302217 8080.0087227322592298 14517
47000000 310.66974585780229745 12963.738962073677612 4499.6790562004571257 -2658.2551284178057358 -949.79199343760274132 8107.7261780558665123 14517
48000000 310.26718330107809152 12946.940686828471371 4530.3222271378726873 -2606.2822315149228416 -846.18289746093034864 7982.7873561137257639 14510
49000000 310.3978588303037327 12952.393562340808785 4128.5642852936307463 -2737.0033346744357914 -1061.1785007289083751 7926.7461206969755949 14516
50000000 308.89462636773356508 12889.666137144424283 4435.7114082883290394 -2706.3418140768044395 -938.15338408580782925 8080.2066064509399439 14518
51000000 313.10666112080673429 13065.42743918963788 4519.0788185540968698 -2728.8254724672042357 -889.13690337747596004 8137.0411943987783161 14522
52000000 310.06381007696978713 12938.454255740900408 4392.0987273559076129 -2670.8156416681827068 -1020.5555714867463166 8083.46994051083675 14512
53000000 309.22978956687785512 12903.651947740185278 4316.3603648161661113 -2687.4633655331203954 -1006.4773098831865354 8010.3010402324725874 14519
54000000 308.06511290757350707 12855.051900945307352 4362.1137415093189702 -2650.919625238846038 -1004.497994234250541 8017.5313609824161176 14527
55000000 310.57930869913838023 12959.965167769525578 4463.0382008590868281 -2673.0995847888771095 -810.37232525868682842 7946.5101109066517893 14520
56000000 310.75575033013950588 12967.327787647509467 4457.1032229257234576 -2677.085341262003567 -967.68911268849365115 8101.8776768762199936 14523
57000000 307.11435344392225488 12815.378267877293183 4352.1724614182076039 -2683.672219216367921 -1005.5665695683699141 8041.4112502029456664 14529
58000000 311.47429916044455922 12997.311651836980673 4475.7874865854273594 -2588.77132469231492 -906.98150207989806404 7971.540313357640116 14516
59000000 308.1105651826784424 12856.948549838703912 4557.8225707280835195 -2633.1440152911873156 -934.09352315245450882 8125.0601091717253439 14512
60000000 312.97012395754683212 13059.729967302777368 4362.1373307713565737 -2715.1970124779131766 -970.48863323946238779 8047.8229764887310012 14517
61000000 311.05840819204468062 12979.957203832611413 4482.4820006940844905 -2684.6252183679207519 -979.55938616070989156 8146.6666052227146793 14516
62000000 309.11834329564499058 12899.00147762578672 4312.0588478716599639 -2655.8958305379119338 -1029.2416552800195859 7997.1963336895933026 14512
63000000 308.85343535832618045 12887.947303879642277 4455.8727514547281316 -2698.6770742856870129 -938.77532135781575562 8093.3251470982304454 14520
64000000 307.91499420931961595 12848.787693878359278 4364.8125939167648539 -2645.4726560420563146 -989.46484616531290612 7999.750096124133961 14527
65000000 311.22161030390640235 12986.767360291178193 4304.1185843020903121 -2650.4964478826896084 -1045.8044808010490669 8000.4195129858280779 14523
66000000 312.63945195493147367 13045.931566972112705 4391.5251251045228855 -2619.3827089467131373 -976.63544389764706466 7987.5432779488819506 14525
67000000 310.94137365062101708 12975.073544368529838 4433.0390709758685261 -2697.9374855396868043 -1005.6919766085030687 8136.6685331240587402 14528
68000000 310.86315945533715421 12971.809794279221023 4404.3362180645081025 -2632.5532777905427793 -978.8704259032185746 8015.759921758269229 14531
69000000 310.04134787038395871 12937.516944700564636 4356.0366777221315715 -2675.5373457731498092 -970.3056742621806734 8001.8796977574620541 14526
70000000 312.70352964779016247 13048.605424000637868 4389.5233633203715726 -2679.3691293600104473 -960.56054679957992448 8029.4530394799621718 14530
71000000 309.81104921083857562 12927.906959352882041 4504.6418273257204419 -2640.3672248639700229 -911.66409512062250542 8056.6731473103127428 14526
72000000 309.15471291503979501 12900.519122192954455 4316.6202013773145154 -2655.2957730020552845 -994.53594985567394815 7966.4519242350443164 14524
73000000 309.22644657918215216 12903.512450346510377 4388.6657541720887821 -2648.3965212339644495 -957.39026314907027881 7994.4525385551223735 14518
74000000 307.71776243629381042 12840.55753547180575 4420.71371069108136 -2682.0389889457806021 -973.40206823757989696 8076.1547678744427685 14525
75000000 315.38821203284760486 13160.632816754523446 4495.0369540172196139 -2656.5052041843937332 -983.90350446332547563 8135.4456626649389364 14515
76000000 312.68108010599803492 13047.66864144137071 4168.1794968015246923 -2689.9410178664302293 -992.6492212715148753 7850.7697359394696832 14520
77000000 311.41150425845575 12994.691323567538348 4334.3150618293775551 -2633.4151863982260693 -966.65682363550945411 7934.3870718631133059 14526
78000000 309.40559396659097047 12910.987977001650506 4393.0193743639711101 -2651.5221434239192604 -1016.0036191160784256 8060.5451369039674319 14527
79000000 308.21928831845229979 12861.485387976639686 4303.6750913693995244 -2634.5034933899951284 -1014.2073143936463566 7952.3858991530405547 14522
80000000 311.03142052506365189 12978.831052752237156 4404.8467149750476892 -2609.2352855259796343 -967.07805788772350297 7981.160058388750258 14519
81000000 309.55746398061228319 12917.325263603222993 4357.433438508065592 -2588.2211525907296163 -1002.0407714529517307 7947.6953625517471664 14519
82000000 311.69337633856048342 13006.453383169076915 4300.561829502823457 -2685.5649313835656358 -1003.4955598332458067 7989.6223207196344447 14528
83000000 308.6290890931463764 12878.585702186253911 4365.9391366471700167 -2619.2695713525290557 -1009.737628413408288 7994.9463364131070193 14521
84000000 312.95403303429139896 13059.058519466212601 4502.7389992003227235 -2573.2673679625154364 -965.19728544257418434 8041.2036526054125716 14523
85000000 313.13167623644295645 13066.471278937595343 4587.891429400281595 -2579.1463897527864901 -939.32334614966384834 8106.361165302731024 14516
86000000 310.04880121044772068 12937.827960357128177 4335.4705610521177732 -2661.4084304094981235 -999.9053872229683293 7996.784378684584226 14520
87000000 310.19479463905759076 12943.920026687726931 4429.8486882706420147 -2652.010597393504213 -914.91828314297640645 7996.7775688071205877 14522
88000000 308.63222168805646106 12878.716420234051839 4411.2386169883957336 -2620.7439310628769817 -971.219938749566154 8003.2024868008393241 14522
89000000 308.18026113414748579 12859.856847584476782 4364.6411900367129419 -2628.6918662713442245 -1005.2430960348582403 7998.5761523429155204 14524
90000000 310.43627113271656981 12953.996444720092768 4511.5274427036747511 -2664.0923092333337081 -1001.1144522386211975 8176.7342041756301114 14521
91000000 308.97158218401051499 12892.877377141654506 4520.3482891480380204 -2603.7344961023063661 -861.27411917143570008 7985.3569044217802002 14523
92000000 309.53608015455586155 12916.432951613716796 4342.4676130847001332 -2643.5667787312163455 -1039.1033035983405171 8025.1376954142569957 14528
93000000 311.98684657429112121 13018.699414782633539 4308.0102239152547554 -2642.0204261345197665 -1081.1161766869354324 8031.1468267367090448 14533
94000000 311.48330801945348867 12997.687576747903222 4382.5084419462709775 -2693.6199140225944575 -985.77881379909729276 8061.9071697679628414 14532
95000000 307.37231056157304465 12826.142395318798663 4291.4787540994939263 -2703.3009414557413947 -1055.0464217012286099 8049.8261172564634762 14541
96000000 307.65264807651647061 12837.840420033013288 4309.9034112246863515 -2722.1571094124155934 -1002.5077786496774479 8034.5682992867787107 14530
97000000 309.78292813059982791 12926.733512796185096 4346.50118696442496 -2675.4515417960501509 -1003.4021467667757861 8025.3548755272513517 14529
98000000 311.16919915302639765 12984.58032892501069 4427.8868253986547643 -2694.9181018654498985 -926.20829986634441866 8049.0132271304491951 14525
99000000 306.9617277948812557 12809.00944986567265 4266.714377369160502 -2652.186840978566579 -1024.9001145292309047 7943.801332876957531 14524
100000000 309.89034656026228731 12931.215907687954314 4321.9824978598189773 -2648.4402691514660546 -1055.356154456520926 8025.7789214678059579 14526
101000000 308.22694969694953215 12861.805084735824494 4319.9577712565769616 -2667.8910056900303971 -1044.4325826931371921 8032.2813596397445508 14521
102000000 307.75937995202855291 12842.294166146110001 4460.6557741680317122 -2655.6754324330640884 -947.78524395996896601 8064.116450561064994 14519
103000000 306.66484673244195847 12796.621090047694452 4200.5869293079213094 -2662.7220234566757426 -1082.5650762800369193 7945.8740290446339714 14526
104000000 310.51055849769727502 12957.096334621284768 4360.7388246601349238 -2690.4500887618269189 -1024.406502646471381 8075.5954160684323142 14525
105000000 308.36793981258011854 12867.688371021784405 4337.5467320711850334 -2685.8121676942528211 -1010.9553686406040924 8034.3142684060430838 14528
106000000 309.12931870709013538 12899.459463544510072 4385.793817041910188 -2649.5301251245900858 -1003.2355280090343967 8038.5594701755344431 14528
107000000 309.06684878333675215 12896.852696083831688 4208.7562851600105205 -2608.8611705630200959 -1079.290073611126445 7896.9075293341566066 14528
108000000 308.22626456115352767 12861.776495142756175 4182.2878951641296226 -2756.3817864826169171 -1102.6757814152776973 8041.3454630620253738 14536
109000000 310.54084023179183305 12958.359941719672861 4249.0917392376313728 -2727.6577983889674215 -936.81629265113474503 7913.5658302777337667 14527
110000000 312.22101265381621715 13028.470781223075392 4339.7327505153480161 -2723.9957779197216041 -970.75284077889057244 8034.4813692139596242 14532
111000000 313.45711009638722544 13080.051100165725074 4233.9789289562613703 -2740.8742406203509745 -1034.8605231905046367 8009.7136927671162994 14527
112000000 311.85907542325406894 13013.367734208606635 4278.0336666987113858 -2712.8764980569844738 -1025.48150609571735 8016.391670851413437 14526
113000000 312.33585925439001585 13033.263141503955922 4296.2379301946239138 -2653.0863378847525382 -975.21094592952977109 7924.5352140089071327 14523
114000000 309.16260511512956555 12900.848450758623585 4282.8357858353401753 -2673.8069224765076797 -970.11818554299475181 7926.7608938548419246 14525
115000000 309.27705241857614737 12905.624149025275983 4295.7953798485123116 -2716.5513492542022504 -1013.0530032116038228 8025.399732314317589 14524
116000000 309.28210796186039033 12905.835108554880208 4218.4691671454374955 -2646.2250019493189939 -1145.2847903662332101 8009.9789594609892447 14526
117000000 308.95074030742284776 12892.007679814621952 4255.1955352342711194 -2721.6700775759268254 -1026.9314348840005096 8003.7970476941973175 14527
118000000 309.41911177100291752 12911.552052809074667 4132.6876986594106711 -2747.3152952119771726 -1095.299271658816906 7975.3022655302065687 14531
119000000 311.5923750869130231 13002.238766590997329 4433.834608991863206 -2721.6075592624347337 -906.56258277823735625 8062.0047510325357507 14528
120000000 310.30197130747905021 12948.392333279423838 4275.9330906812883768 -2684.7834619805844341 -1021.9023113487702403 7982.618864010643847 14528
121000000 311.16364911231471524 12984.34873482878902 4271.5570124551913977 -2760.3163286535341285 -993.09406662797528043 8024.9674077366998972 14526
122000000 312.08758563696557076 13022.903090644889744 4298.4155880714961313 -2691.2942953008650875 -952.71544390190297236 7942.425327274265328 14527
123000000 307.19427670798432928 12818.713334603655312 4184.436726284919132 -2642.5727305665159292 -1030.0701877434833023 7857.0796445949181361 14527
124000000 308.18753693753649259 12860.160454926781313 4282.9789605938758541 -2653.4585067116818209 -1023.1190765716073656 7959.5565438771654954 14520
125000000 311.01711576430290052 12978.234138547073599 4373.6379115436538996 -2643.5588381065549584 -1016.3674392050708093 8033.5641888552809178 14527
126000000 309.95697595360576315 12933.996242992639964 4275.8467784332942756 -2678.7161940859659808 -984.82917802035888144 7939.392150539618342 14524
127000000 311.63492894064796701 13004.014469114352323 4288.5094330430201808 -2702.9821769191767089 -961.05903771838086413 7952.5506476805776401 14526
128000000 312.59451801693950301 13044.056547436310211 4338.0949047384438018 -2667.9357328815403889 -934.15480443459944127 7940.1854420545842004 14521
129000000 313.18273490220474287 13068.601873318004436 4349.3801372442803768 -2690.4014817185047832 -1012.7880250263635844 8052.5696439891489717 14515
130000000 311.14720115244392673 12983.662388439845017 4307.3324988222848333 -2690.902355750253264 -972.85837737496149202 7971.0932319475014083 14518
131000000 309.30649810836496272 12906.852869365991864 4367.5837863305005158 -2622.6822668781478569 -939.85998718108862704 7930.1260403897367723 14517
132000000 306.93690647136861571 12807.973696745191774 4501.4526842559025681 -2614.5047835388027124 -952.81402809037626866 8068.7714958850810945 14516
133000000 310.53224060311777066 12958.001093319442589 4328.2107044101467181 -2594.617618256116657 -904.14511980411521108 7826.9734424703783588 14513
134000000 312.50542019143711059 13040.338641308335355 4378.0452028043309838 -2635.3368696115348939 -912.38525943618856218 7925.7673318520546673 14518
135000000 309.75668369725246976 12925.638375636359342 4456.3246025395110337 -2650.6873608212158615 -887.08433039580495461 7994.0962937565309403 14522
136000000 307.78158968518988559 12843.220941884526837 4399.5698753870146902 -2623.3289916332150824 -1019.6973024782473658 8042.5961694984771384 14524
137000000 307.5492042299368336 12833.523877974535935 4418.119137052235601 -2683.7236999708511576 -930.34178472209919164 8032.1846217451866323 14520
138000000 306.9462729800230818 12808.364545789238036 4227.7516324548514604 -2595.1649286290448799 -1054.4228806218236514 7877.3394417057197643 14527
139000000 310.32906508525144318 12949.522912189089766 4348.1505358964377592 -2556.2704796076627645 -1170.4194384030517995 8074.8404539071525505 14527
140000000 312.67885266168957514 13047.575693843633417 4356.9152387771737267 -2626.2387390903350024 -981.25645807242494811 7964.4104359399334498 14528
141000000 306.29321954753885393 12781.113697131169829 4442.6734019822233677 -2639.4292428810176716 -998.56296778295757122 8080.6656126461984968 14527
142000000 310.39999072832404181 12952.482522948648693 4261.4516375486855395 -2575.7313416908309591 -1129.6476745742056664 7966.8306538137221651 14532
143000000 315.15576238713606472 13150.933074281982044 4595.2074589959765945 -2576.3425084717582649 -943.66203225632807516 8115.2119997240624798 14528
144000000 305.89491244329792607 12764.492994938680567 4383.6741065501291814 -2628.5606865837930854 -1008.7236918950069366 8020.9584850289293172 14530
145000000 310.0740263722333907 12938.880564986402533 4441.2913271393435934 -2610.0181973187027324 -944.06250501728754898 7995.3720294753338749 14526
146000000 306.18362190079255925 12776.540367084648096 4503.9489708895907825 -2562.0644323408105265 -964.39313363953101543 8030.406536869932097 14526
147000000 312.41037148562895709 13036.37241470529807 4510.9717604289635347 -2567.5679402170944741 -896.3234375349761649 7974.8631381810328094 14518
148000000 312.68683061346411023 13047.908600686465434 4477.797100839932682 -2588.7391478008080412 -989.25975136998533799 8055.796000010725038 14524
149000000 309.83392155795417011 12928.861384884849031 4513.8360339759356066 -2583.7793740868901295 -990.91503388424416698 8088.5304419470694484 14518
150000000 308.01814081622961794 12853.091832612926737 4415.9910106323495711 -2576.0951614712685114 -986.35574376024533194 7978.4419158638638692 14525
151000000 308.59083580759698862 12876.98945531987556 4454.1473664080449453 -2595.9820259778066429 -1027.081261787195217 8077.21065417304726 14525
152000000 310.68847254372400357 12964.520395963363626 4349.4932342579786564 -2600.8428483042052903 -1001.5891129444004264 7951.9251955065865332 14528
153000000 308.01897761096273598 12853.126750684703438 4369.8833503894329624 -2629.8612460259114414 -947.1623538314426014 7946.9069502467855273 14522
154000000 311.35330654436410214 12992.262828409149733 4543.6000662562400976 -2619.4680963717855775 -900.65108937793218047 8063.7192520059579692 14519
155000000 313.73207858194251685 13091.525084089371376 4406.4758912459610656 -2581.1313766049834157 -956.05206787498877929 7943.659335725933488 14518
156000000 310.49172934057412476 12956.310624776424447 4476.3163897089452803 -2669.5872081692550637 -963.07657339437957944 8108.9801712725802645 14515
157000000 307.90454174004895549 12848.351529478894008 4380.1706390324679887 -2716.3516274745516057 -982.56681555399632089 8079.0890820610165974 14513
158000000 308.25534211495931913 12862.989853772684 4425.0191960166639547 -2650.875546448829482 -860.8801723849658174 7936.7749148504581171 14522
159000000 307.96680342230462202 12850.949607363412724 4247.9478807416717245 -2662.947828167660191 -1056.9200714727958257 7967.8157803821277412 14524
160000000 309.30678329585151687 12906.864769772066211 4483.5083381045851638 -2635.9957741792859451 -880.73981933416541779 8000.2439316180370952 14529
161000000 310.35129395070885039 12950.450486286841624 4527.161401512028533 -2642.8352763458788104 -895.91063541201742737 8065.9073132699240887 14526
162000000 309.92753346891379351 12932.767656395359154 4372.8154908599835835 -2715.4668317407799805 -1045.140260774233866 8133.4225833749969752 14529
163000000 312.65872638758531821 13046.735857434567151 4358.9330298932054575 -2705.0350021347326219 -1007.0652752758682027 8071.0333073038063958 14526
164000000 310.25256658791926156 12946.330755361372212 4293.7041735097918718 -2708.7024536112649002 -1122.5284329511580381 8124.9350600722154923 14537
165000000 306.82602266410992797 12803.346697329934614 4367.8773578205255035 -2713.5937478873811415 -992.41398231968878463 8073.8850880275949748 14529
166000000 308.46702566204470486 12871.823061008242803 4309.0895675119045336 -2654.6803856485094002 -1128.7251990655217924 8092.4951522259361809 14536
167000000 312.94779447237129943 13058.798194509214227 4347.7942946608745842 -2666.491134273967873 -1017.2923293225221641 8031.5777582573646214 14534
168000000 308.56559929662506647 12875.936377107673252 4312.8606665088855152 -2646.8434819029271239 -1020.2651945631465651 7979.9693429749595452 14529
169000000 310.69792956384952731 12964.915021902648732 4374.321921788509826 -2633.4325992289823262 -982.92756846354279787 7990.6820894810352911 14530
170000000 309.76280088986169403 12925.893636051072463 4335.0269431487558904 -2627.6948273839002468 -991.6955311704750784 7954.4173017031307609 14526
171000000 309.91763236812101923 12932.354499698170912 4428.3603649607885018 -2671.2196578886077987 -974.454990802036491 8074.0350136514334736 14526
172000000 308.60044243281242871 12877.390324034193327 4312.4066316255612037 -2688.9608489973661563 -1020.9196118471593309 8022.2870924700855539 14527
173000000 308.80402692514513774 12885.885570998265393 4374.7537390609522845 -2637.4442931064450022 -1021.704608355265691 8033.902640522663205 14530
174000000 308.00882648014203369 12852.703160644528907 4326.9468221099923539 -2716.5537884699028837 -978.07446707228098148 8021.5750776521745138 14530
175000000 307.26067284806407542 12821.483936632204859 4467.7351824553797996 -2650.9751144565270806 -1003.6727382718219133 8122.3830351837286798 14531
176000000 309.5343800861706427 12916.362010548300532 4306.6474052978828695 -2696.8810891697303305 -1077.5740282726092119 8081.1025227402224118 14532
177000000 312.27801367703148117 13030.849340433896941 4403.4406020896140035 -2629.1236366061539229 -999.00904594354540222 8031.5732846393129876 14535
178000000 308.32953636584085189 12866.085858175232715 4501.3973003394658008 -2670.1545136422810174 -962.52330177712747172 8134.0751157588747446 14532
179000000 312.89069540469267849 13056.415544063740526 4297.591593150220433 -2636.486302623638494 -936.76433129337260652 7870.8422270672326704 14536
180000000 309.36327088230467552 12909.221904108899253 4560.4184901844218984 -2585.4940482899455674 -915.02664619338872853 8060.9391846677572175 14530
181000000 311.43157388063457347 12995.528795984671888 4330.6323993625574076 -2622.7093800477659897 -1072.6479577489553776 8025.9897371592778654 14532
182000000 316.29622836552130138 13198.522849070284792 4520.2955710301266663 -2555.9340932813779546 -971.86682424799062119 8048.0964885594939915 14529
183000000 313.39426980488013896 13077.42887786612846 4402.7268364300016401 -2575.4217284424939862 -960.01552277643645539 7938.1640876489327638 14527
184000000 311.44474867411247487 12996.078558508394053 4498.2193281240333818 -2557.9078750875369224 -993.23685013190117843 8049.3640533434718236 14519
185000000 309.1924884944530163 12902.095435165760136 4561.3150608225942051 -2607.3624402134737466 -944.97827018124860388 8113.655771217317124 14524
186000000 309.06962601738928242 12896.968585505874216 4473.8002540019324442 -2618.0340856099692246 -944.74725855101564775 8036.581598162917544 14521
187000000 309.48564782402041828 12914.328493175044059 4360.1619524067546081 -2571.8349428463366166 -978.7457954240211393 7910.7426906771124777 14522
188000000 306.73247323850171142 12799.443033230656511 4462.2939634113945431 -2596.3070277223528137 -960.10447398514895667 8018.7054651188964272 14522
189000000 309.0236519940335711 12895.05016491369679 4477.4925357203683234 -2578.9915010406825786 -1002.7433766199652609 8059.2274133810151397 14522
190000000 305.7539995645144586 12758.612931619674782 4428.6027922055081945 -2663.4571351771842274 -912.52455521104138825 8004.5844825937329006 14526
191000000 307.64826331137385296 12837.657450975108077 4246.4854111342774559 -2601.3094716864452494 -1081.9506005927564729 7929.7454834134796329 14527
192000000 307.01468731621309871 12811.219363831407463 4408.9290488955057299 -2590.0993024640392832 -936.93390377160380922 7935.9622551311495045 14522
193000000 314.15780545144588132 13109.289968114830117 4377.9909159829803684 -2619.8666564991608539 -991.25601281857836966 7989.113585300719933 14522
194000000 311.2154819124651226 12986.511632567569904 4358.8597583794435195 -2576.2525568591340743 -1019.1042504208141963 7954.2165656593915628 14528
195000000 309.22832982191062001 12903.59103497684373 4497.4854149302300357 -2579.0835518798030535 -922.28574455253533415 7998.8547113625681959 14530
196000000 311.64461321453399023 13004.41857798034107 4402.086658851680113 -2575.0891943055257798 -1084.1797659648159424 8061.3556191220213805 14529
197000000 311.54679196416600462 13000.336657640102203 4418.1483320727957107 -2618.2522909893350516 -1022.4121029133850698 8058.8127259755146952 14530
198000000 308.61068378832561621 12877.817679002808291 4404.6415325214202312 -2590.5908598562518819 -1050.7626839952258706 8045.9950763728975289 14532
199000000 310.2412596065521484 12945.858933573616014 4530.7651875449155341 -2557.9935333973635352 -980.66829557163384834 8069.4270165139123492 14519
200000000 313.46953876596438704 13080.56972816279449 4400.1411115617711403 -2633.7725399196324361 -1025.3117697679506364 8059.2254212493553496 14525
201000000 314.60562202401155218 13127.97661921953295 4225.1873991442362239 -2668.8156666264339947 -1026.5924767620599596 7920.5955425327292687 14525
202000000 310.56852540432714704 12959.515198562841761 4280.8727403643042635 -2660.3197156592768806 -1055.6356389603663501 7996.8280949839481764 14525
203000000 310.5841710797902806 12960.168066939289929 4559.4080076563768671 -2617.1812942702545115 -889.58531839122611018 8066.1746203178572614 14527
204000000 310.81393697978427326 12969.755821104676215 4326.4133401347280596 -2641.971797964473808 -1038.7063372265679391 8007.0914753257693519 14529
205000000 311.00032155644072418 12977.533343797333146 4401.3511512984350702 -2643.0763020901322307 -1054.9778087417371353 8099.4052621303044361 14528
206000000 309.49953986784555582 12914.90818537938685 4350.7398384702337353 -2688.5817262542609569 -999.64063287607268649 8038.9621976005682882 14525
207000000 309.54427565404125744 12916.774936365722169 4366.4203215907982667 -2671.3377568891019109 -1017.4137859076407722 8055.1718643875410635 14527
208000000 308.83070551615958266 12886.998824845473791 4470.2243452734292077 -2665.9337753977374632 -1038.4135456887336204 8174.5716663598996092 14526
209000000 310.62281256402837926 12961.780512700259351 4574.4711963716526952 -2629.6624400650553071 -923.99461479276533282 8128.1282512294728804 14526
210000000 309.15495081130615063 12900.52904921397203 4397.2362462126602622 -2704.3929022819943384 -1006.2548439519904377 8107.8839924466446973 14522
211000000 306.47574635215391936 12788.730241323710288 4409.6942814154344887 -2682.3618535343689473 -996.40480226747490633 8088.460937217278115 14527
212000000 308.61666078985035711 12878.067089473495798 4376.1214063716361125 -2648.4604645300760239 -1060.3973604905690991 8084.9792313922807807 14521
213000000 309.37521233983261482 12909.72020154623533 4584.3606619833281002 -2585.4584324513893989 -896.84502596856179935 8066.6641204032785026 14521
214000000 311.10454751537747597 12981.882522121721195 4254.7609867632791065 -2670.4720587287911258 -1065.2283220491704014 7990.4613675412410885 14521
215000000 311.78292251950273339 13010.189998434205336 4476.5736971704618554 -2623.6403653962543103 -1025.6379239262405463 8125.851986492956712 14526
216000000 309.80225387576706453 12927.539944445665242 4413.7242295905934952 -2639.5181451160583492 -961.43646751797245997 8014.6788422246245318 14532
217000000 307.55923510035205481 12833.942449745232807 4343.3411154767054541 -2674.3011197207238183 -977.10567612343811561 7994.7479113208682975 14537
218000000 312.13982540794802389 13025.082970609013501 4409.5685136156644148 -2664.1330486677857152 -952.823383811840813 8026.524946095290943 14533
219000000 309.64583270035296891 12921.012745343576171 4123.5844444219619618 -2693.6823639351605379 -1099.7831719348976094 7917.0499802920203365 14533
220000000 309.21935970574759267 12903.216726741338789 4487.3492843194962916 -2657.1315681124588082 -852.68472699299888973 7997.1655794249545579 14520
221000000 309.83918426278648894 12929.08098892608723 4300.5151424977648276 -2707.497739329999149 -1042.4951150371452968 8050.5079968649097282 14529
222000000 306.86385593639238323 12804.925417731550624 4386.2235309200059419 -2665.4214950309183223 -973.51213615255858258 8025.1571621034818236 14539
223000000 308.44273808478391175 12870.80958024345091 4385.6792395952488732 -2621.1925543297343211 -947.38895574036928338 7954.2607496653527051 14530
224000000 311.01137019100411862 12977.99438519668729 4418.4800956325780135 -2596.9483871467823519 -1078.8970034677704462 8094.3254862471312663 14536
225000000 311.50771569937279537 12998.706069199655758 4440.4444101829230931 -2593.6861608501412775 -1004.8216470983303452 8038.9522181313950568 14535
226000000 307.82429014117423094 12845.00276187930649 4245.7030651100949399 -2594.8563589782047529 -1106.9530975652587586 7947.5125216535598156 14530
227000000 309.18595007483594372 12901.822597638867592 4601.9492098584114501 -2610.0195457493327922 -950.76359884916018927 8162.7323544569044316 14532
228000000 307.96557765241999505 12850.898457996523575 4431.3828936479949334 -2597.6349993213734706 -1080.0844236374614411 8109.1023166068289356 14529
229000000 312.10822117357514571 13023.76417774305628 4412.3482134366422542 -2624.3840408148244023 -996.1057365829057062 8032.8379908343713396 14526
230000000 310.58179011863961705 12960.068713335509528 4448.4063387549840627 -2624.3000930073380914 -1051.7334694811002009 8124.439901243422355 14536
231000000 309.59434542350993524 12918.864265725716905 4516.2420688451384194 -2569.2978275393406875 -988.09284027249600513 8073.6327366569748847 14525
232000000 309.92950333350700021 12932.849855614038461 4441.5787058955220346 -2614.7743912213873045 -1050.0859279572373453 8106.4390250741462296 14526
233000000 311.10235146809668549 12981.790884670452215 4483.909059745086779 -2662.6205892682655758 -1013.3324889192822411 8159.8621379326350507 14533
234000000 309.79480057639921142 12927.228930487275647 4425.5681170369516622 -2670.5452440077142455 -1038.5272769391835936 8134.6406379838499561 14533
235000000 312.204578041538241 13027.784991807287952 4452.0219031721808278 -2635.1350071293863948 -1049.6328884965130328 8136.7897987980813923 14528
236000000 312.6478950606585272 13046.283883926480485 4427.5951027164337575 -2645.1777439108545877 -997.06489219220952691 8069.8377388194985542 14533
237000000 305.89926181130380201 12764.674486932122818 4548.9422329546623587 -2632.6925359161059532 -941.3411982404062428 8122.9759671111742136 14523
238000000 310.17225092998126001 12942.979314682135737 4506.9399538410170862 -2628.8343395053047971 -1012.4033416504361185 8148.1776349967576607 14527
239000000 310.14956984296497922 12942.032870120425287 4395.1640608456418704 -2641.168285384137107 -1121.0524586564042693 8157.3848048861837015 14532
240000000 308.85695519844387036 12888.09418103482858 4541.4455858026594797 -2601.5846914700541674 -931.07881224728294001 8074.109089519997724 14526
241000000 309.62639318994968107 12920.201566457384615 4407.7416082701847699 -2645.5177524791797623 -990.21123726436746892 8043.4705980137314327 14531
242000000 308.11239539318660263 12857.024921521462602 4477.9652371279607905 -2603.7114271527439087 -972.39418001007800285 8054.0708442907834979 14520
243000000 310.97730414012863775 12976.572864765725171 4479.1917579273913361 -2627.2147380505912224 -981.11930655245339494 8087.5258025304365219 14529
244000000 314.38414033528061964 13118.734551603134605 4457.7469654495234863 -2532.6485626521957784 -970.93938018800417922 7961.3349082897229891 14521
245000000 308.57135365017717277 12876.176496843629138 4565.3494596957552858 -2601.4362208389547959 -866.70756798338447879 8033.4932485180943331 14518
246000000 312.93330129378256288 13058.193417937114646 4426.0062377255098909 -2648.8885783991718199 -1035.7916226475881558 8110.6864387722698666 14520
247000000 308.4398595523175004 12870.689463804736079 4370.7403149968904472 -2643.6464100787179632 -1077.8658266026991441 8092.2525516783080093 14534
248000000 308.51717425243407433 12873.915679435984202 4504.4776110321454325 -2607.545303772668376 -949.91215743865006971 8061.9350722434637646 14530
249000000 308.92232701844403664 12890.82203986645618 4371.4933215454093443 -2605.5906142522985647 -1069.1276870310734921 8046.211622828781401 14528
250000000 308.45114755785789384 12871.160493762365149 4475.1708972871801961 -2584.0842598082645054 -997.09918546222115765 8056.354342557666314 14531
251000000 310.03849514263464471 12937.397905050373083 4396.287828124826774 -2667.6527004330873751 -1014.6371652765800491 8078.5776938344934024 14529
252000000 309.92086442853565131 12932.489368278338588 4548.1732239536468114 -2552.8664102266347982 -982.33160214206168348 8083.3712363223439752 14524
253000000 312.93098722575052761 13058.096855673464233 4724.2665150847915356 -2512.4112543191004079 -911.01465790181464399 8147.692427305705678 14522
254000000 311.95695266812413138 13017.451991107582217 4485.5496281505966181 -2612.9037646282772585 -930.90599069472534666 8029.3593834735984274 14521
255000000 316.41205099783616106 13203.355937554919365 4558.6007395938440823 -2588.0795145426818635 -958.28456799465470795 8104.9648221311799716 14523
256000000 311.388418217647029 12993.727980948237018 4485.6063429022324272 -2623.8876500238166045 -960.07619696904134798 8069.5701898950901523 14526
257000000 311.30148381608438513 12990.10035095301464 4478.6594327086313569 -2660.8342606166220321 -982.40695441805792143 8121.9006477433113105 14520
258000000 309.52542570286288992 12915.988358819042332 4456.5701856582309119 -2585.5887223601171172 -975.38903702634922865 8017.5479450446973715 14523
259000000 312.55320132530391675 13042.332469658278569 4521.3058515717930277 -2580.5884927015295034 -936.27379954377659033 8038.1681438170990077 14521
260000000 312.42960023140238945 13037.17479872916374 4432.303965111324942 -2563.5995210963524187 -998.7185203644488638 7994.6220065721263381 14527
261000000 307.71665310164286211 12840.511244756251472 4463.848893011256223 -2613.3522552623353477 -975.78233267475286539 8052.9834809483445497 14522
262000000 314.41719868378339697 13120.114022266827305 4422.8115926406280778 -2570.6134107217108067 -984.87796211217346354 7978.3029654745132575 14524
263000000 306.31832655435306378 12782.161371347272507 4401.5231191447073797 -2583.3001791008555301 -1051.4460656300564096 8036.2693638756209111 14521
264000000 309.73657592273843875 12924.799311184851831 4403.6328498233342543 -2582.3849594817429534 -1017.537304909611521 8003.5551142146887287 14522
265000000 308.2693024830071522 12863.572397034778987 4550.0662541956880887 -2613.6006255728780161 -983.05222459042727223 8146.7191043589937181 14522
266000000 311.28184323666926048 12989.280781786732405 4741.7795701387967711 -2546.4785436198144453 -865.74244912046719946 8154.0005628790786432 14522
267000000 306.01374438325075289 12769.451656895453198 4561.1509642404371334 -2608.0112931557123375 -944.51973254083668508 8113.6819899369857012 14513
268000000 308.85460605506210641 12887.996155134362198 4704.6564028594830233 -2542.2808105302215154 -939.075451951081277 8186.0126653407860431 14521
269000000 309.3497502483104995 12908.657710227649659 4501.6490670053244685 -2507.6830417320134075 -1003.4563654881701495 8012.7884742255100718 14522
270000000 313.83456921092857783 13095.801849941048204 4490.0956358824178096 -2575.7832345874976454 -1035.8407573652641531 8101.7196278351802903 14524
271000000 309.51813830334208433 12915.68426758917667 4493.7314769232771141 -2589.2962670703732329 -1052.7077356998602227 8135.7354796935105696 14526
272000000 312.47753555263591352 13039.17506106503788 4502.0524143583870682 -2588.3415623595610668 -1007.3633928833583013 8097.7573696013059816 14526
273000000 308.8541529716428613 12887.977248706383762 4320.9418087170506624 -2607.2728789115681138 -1078.2875099416346529 8006.5021975702547934 14524
274000000 310.83717120722462823 12970.725347309073186 4332.3185846505066365 -2577.1173702868723012 -1067.1659662656556975 7976.60192120303509 14524
275000000 313.21122801516833078 13069.790844190134521 4561.5123770074724234 -2532.0399359350494706 -993.96597902759731369 8087.5182919701201172 14524
276000000 309.91428354525356781 12932.214758812349828 4358.6460536087124638 -2630.8256846217896054 -981.83056431473414705 7971.302302545236671 14530
277000000 308.770161515121913 12884.472422980996271 4497.9939570244496281 -2606.8256265135901231 -903.45548863032740883 8008.2750721683660231 14524
278000000 311.86162837080138388 13013.474264522641533 4473.3405819513109236 -2687.297299532195666 -969.61026411551461024 8130.2481455990200629 14527
279000000 309.30677728257649051 12906.864518847962245 4595.2062174328411857 -2608.0386799608868387 -999.30546550402141293 8202.5503628977494373 14524
280000000 309.83487059183511292 12928.90098651218068 4440.104430227955163 -2629.260663869430573 -981.47422053917443918 8050.8393146365615394 14518
281000000 312.94264873299613328 13058.583471244668544 4541.9285710362628379 -2625.6954088763968684 -940.29046747634743042 8107.9144473890082736 14531
282000000 310.87691969133942393 12972.383986359294795 4343.6934685530914066 -2613.5757161133656155 -1070.8253597643667945 8028.0945444308235892 14527
283000000 312.97693161445516807 13060.014039660254639 4574.1762288053487282 -2577.3721717659554997 -961.83064837299207284 8113.3790489442944818 14526
284000000 313.1970055230534058 13069.19736292062953 4483.1528262651454497 -2597.294362015828483 -1019.507899482976427 8099.9550877639503597 14525
285000000 308.89121861285150317 12889.523937122288771 4527.1407590281805824 -2642.630068034629403 -874.31835965704794944 8044.0891867198579348 14518
286000000 312.8718878217067072 13055.630734472242693 4393.7514671563303637 -2648.7493046638091982 -951.55227483378291709 7994.0530466539221379 14522
287000000 312.08753370603164967 13022.900923652188794 4434.3777545468574317 -2689.2943400688945985 -986.34786758990208 8110.0199622056534281 14526
288000000 310.99122019873254885 12977.153559067399328 4477.3900158407150229 -2680.0640891274561 -936.33193425088757067 8093.7860392190577841 14522
289000000 308.55987053311667978 12875.697325202270804 4379.3643322478710616 -2679.4796115344929603 -1062.1216506683658736 8120.9655944507285312 14520
290000000 307.27485701927031414 12822.075818833040103 4416.1046039172870223 -2633.2733564933864727 -990.30289626770445466 8039.6808566783784045 14529
291000000 313.34004703018911187 13075.166250409589338 4458.6912884634984948 -2615.3928133504014113 -1029.7328161214936699 8103.816917935393576 14522
292000000 307.40328626583198002 12827.434960653959934 4501.6532584362857961 -2540.6722815187858941 -956.99310845081777188 7999.3186484058896895 14525
293000000 306.28552549160565377 12780.792636796175429 4461.4549983100314421 -2590.7537472080316547 -1014.5148339194629443 8066.7235794375246769 14522
294000000 312.44673834177763183 13037.88994396673661 4488.1706034316139267 -2590.1107221295478666 -982.95289325633575572 8061.2342188174970943 14518
295000000 308.95592112516681027 12892.22386684196681 4512.1719543399331087 -2565.7775841049679002 -1068.3527870210900801 8146.302325465991089 14526
296000000 306.14570402702611318 12774.958116401860025 4444.4274568937526055 -2640.1207246648664295 -1106.1440142932015078 8190.6921958518214524 14534
297000000 315.55140105568119679 13167.442427029413011 4413.2184909165798672 -2695.8595716489007827 -925.77862211310787188 8034.8566846785879534 14529
298000000 308.90956052732252601 12890.289315130406976 4500.5294207709775947 -2657.4657358032936827 -935.18397608437726376 8093.1791326586480864 14527
299000000 310.58223271658971498 12960.087182222057891 4475.2877292372932061 -2644.2927369081990037 -950.2396385848716136 8069.8201047303637097 14518
300000000 306.8767665818520527 12805.464157791702746 4371.8622234891645348 -2606.2805621278776016 -948.71835045908426309 7926.8611360761260585 14530
301000000 305.35907611965075148 12742.133423983423199 4542.5236578542635471 -2635.3437928159160037 -1009.1579007761474713 8187.0253514463274769 14528
302000000 309.1565098988477871 12900.594107380009518 4518.9019445085050393 -2666.1386326489305247 -952.54921101803427064 8137.5897881754708578 14520
303000000 310.42856272299769671 12953.674785425164373 4350.9400716809550431 -2699.5278567803761689 -976.21492155109467603 8026.6828500124256607 14520
304000000 310.85346477755945216 12971.405251275897172 4439.4013968017370644 -2708.0030225020273065 -975.49334623991148874 8122.8977655436747227 14525
305000000 307.25649665234448094 12821.309670834247299 4351.0063852836974547 -2697.6196526986623212 -951.36423981393272697 7999.9902777962925029 14523
306000000 310.31001389462591078 12948.727937250334435 4520.7747097875262625 -2630.0738750071841423 -945.25092119657210787 8096.0995059912820579 14519
307000000 310.44242764286730107 12954.253345791328684 4385.9103705356274077 -2636.055416558271645 -1026.2605766541955745 8048.2263637480937177 14524
308000000 309.89471586510467205 12931.398231612885866 4493.7912565432206975 -2614.067552467025962 -1003.0273683230630013 8110.8861773333101155 14523
309000000 311.20814478292254535 12986.205466185458135 4451.1864481617203637 -2617.6728943626085311 -932.40979338971567358 8001.2691359140453642 14525
310000000 313.88821950360483015 13098.040588662044684 4457.8820049085825303 -2630.5015102163251868 -1003.7247187524159244 8092.1082338773230731 14524
311000000 307.96960493571026518 12851.066509923039121 4339.5695760028611403 -2637.616751698612461 -1013.3340423190226147 7990.5203700204965571 14522
312000000 309.38274891687382251 12910.034690545349804 4344.7942200262004917 -2608.9720565685993279 -1013.9923512091589828 7967.758627803958916 14522
313000000 312.89898386902621041 13056.761408086385927 4518.5283851865888209 -2589.9203518573499423 -919.82251100354346818 8028.271248047482004 14524
314000000 308.85424122753016718 12887.980931479811261 4418.2609801704929851 -2613.472403695885987 -961.20842068978220141 7992.9418045561615145 14520
315000000 307.51804352202867676 12832.223592740519962 4401.8841671489317378 -2627.1916067819583986 -986.97519005095443845 8016.0509639818446885 14521
316000000 308.04837011143791869 12854.35325152259793 4459.1205489578451306 -2695.2458525580013884 -970.055208340832678 8124.4216098566794244 14524
317000000 309.01814809690671382 12894.820496313590411 4355.8503585726448364 -2638.8272191547257535 -981.05481840935044602 7975.7323961367201264 14517
318000000 308.81422405403941411 12886.311080462610335 4416.5382845885242205 -2630.6027475761538881 -990.23609929749090952 8037.3771314621681086 14521
319000000 309.39579686868410136 12910.579160174314893 4420.4711901718801528 -2658.2420220697040349 -1007.0121340001603585 8085.7253462417447736 14530
320000000 310.15412355926196142 12942.222889232902162 4399.1905470577476081 -2706.7711956642378937 -984.73091723256504793 8090.6926599545504359 14529
321000000 309.77344718185150896 12926.337888354717506 4429.9243461052901694 -2729.0299561933670702 -956.71907664044692865 8115.6733789391055325 14522
322000000 309.65599270333353843 12921.436705604432063 4164.4757108398525816 -2718.9167429288204403 -1080.3295321851894641 7963.7219859538618039 14531
323000000 312.37724701800908633 13034.990184999292978 4440.0678794725390617 -2653.4307534810523066 -968.03561317781702655 8061.5342461314066895 14526
324000000 310.09544478905462483 12939.774320391790752 4376.9738399668067359 -2657.4342346445619114 -1032.7502186306378462 8067.1582932420069483 14530
325000000 307.50067523249816759 12831.498842504317508 4363.0441130095332483 -2677.0875805222176496 -1009.6917134166798178 8049.8234069484306019 14534
326000000 314.59216881106249275 13127.415238707919343 4380.7158298178683253 -2750.6374450619096024 -936.40716438172762537 8067.7604392615066899 14528
327000000 310.99047020290890941 12977.122262971754026 4321.143249248482789 -2768.9402859998972417 -955.14879862249472353 8045.2323338708747542 14532
328000000 309.83749291846982032 12929.010411901743282 4197.300707876501292 -2763.7460540185074933 -1105.8143043496195332 8066.8610662446280912 14538
329000000 311.61781054402246127 13003.300146499224866 4287.3817186390442657 -2782.8789753779337843 -1043.1813411111079404 8113.4420351280868999 14531
330000000 313.03297753849091123 13062.352744148784041 4282.9498405719150469 -2789.019868789730026 -1038.7312709251659726 8110.7009802868105908 14524
331000000 308.54923236957563404 12875.253412085461605 4221.2529187338359407 -2714.5419956961104617 -1011.1045664224286611 7946.8994808523748361 14522
332000000 309.44053885438648877 12912.446169855895278 4300.8924538709143235 -2701.6159173689707131 -988.12734776895672439 7990.6357190088401694 14531
333000000 312.6861365960155581 13047.879640476601708 4356.4916849385308524 -2835.668873456831534 -996.63879302391899273 8188.7993514192812654 14525
334000000 308.01857134637350555 12853.10979792971375 4210.8690051142475568 -2807.4078558455521488 -985.32043302850934197 8003.5972939883095023 14532
335000000 312.95689191982228294 13059.177816070528934 4465.2836660315315385 -2726.1401624805184838 -913.4356343056622336 8104.8594628177124832 14526
336000000 308.82358271618608114 12886.701602084754995 4362.4225870639493223 -2768.2746799902097337 -994.58933426085525298 8125.2866013150141953 14531
337000000 312.1632357456728073 13026.059845606738236 4319.0658296805122518 -2715.1388145668092875 -1038.2986967366800855 8072.5033409840016247 14533
338000000 310.61365636316361361 12961.398439455348125 4364.0905594138239394 -2761.7169197923321917 -1021.0645157446518851 8146.8719949508085847 14533
339000000 308.98153288467938182 12893.292603560321368 4282.3305564334559676 -2781.4150992619101999 -1060.9932515708940173 8124.7389072662608669 14534
340000000 310.16032716360859922 12942.481755467693802 4410.3298771544641568 -2746.0681754147622087 -975.40747131589841956 8131.8055238851256945 14533
341000000 311.09625695392850275 12981.536570589889379 4349.2371038556893836 -2751.4556716192710155 -1038.7396284786250362 8139.4324039535858901 14530
342000000 307.05999612282408862 12813.110026019854558 4218.772624684510447 -2749.3651209029708298 -1072.6741534476709603 8040.811899035152237 14533
343000000 304.85321408631835993 12721.02463100186651 4326.4772039224753826 -2792.5338934710243848 -1011.72726999728377 8130.7383673907843331 14531
344000000 308.1933128781907385 12860.401475457105334 4263.6802790934098084 -2764.7744096811557029 -989.52921764819348027 8017.983906422759901 14531
345000000 307.35317559501055484 12825.343924547596544 4380.9361889956035157 -2730.5905799378192569 -979.96527875010849584 8091.4920476835313821 14523
346000000 309.04430440257556256 12895.911956049931177 4303.8722362320004322 -2784.117673820293021 -1002.9389138556639409 8090.9288239079560299 14522
347000000 310.29832205015077307 12948.240055756299626 4480.4940087821050838 -2664.119333037418528 -870.48966121851071875 8015.1030030380343305 14526
348000000 309.90978769929535019 12932.027154534196598 4239.8919931036416529 -2792.0809675543605408 -973.88340488471010303 8005.8563655427133199 14531
349000000 309.0061428528586589 12894.319537169387331 4279.3510882128848607 -2689.1436195441401651 -1009.4502988778059489 7977.945006634830861 14521
350000000 308.90973111160366216 12890.296433332681772 4326.3406690351102952 -2700.0727489973724005 -986.6135728460469636 8013.0269908785303414 14522
351000000 308.80347866277827507 12885.862692908907775 4278.421537867618099 -2701.4091186628038486 -1047.2586306240057183 8027.089287154426529 14523
352000000 307.30945012558186136 12823.519332422920343 4364.8897538791861734 -2785.6591026229953059 -984.51687317932169208 8135.0657296815024893 14527
353000000 310.6380726335518716 12962.417290373279684 4239.8272573359945454 -2721.704977654511822 -1056.8501617393171728 8018.3823967298230855 14524
354000000 306.58375671298790621 12793.237336532432892 4308.9472811897476276 -2754.6789847904547059 -949.9411373866842041 8013.5674033668874472 14519
355000000 309.25947409926953924 12904.890634590989066 4347.5902023605549402 -2733.6072976765331077 -958.83008861143696322 8040.0275886485242154 14520
356000000 313.95981571480297134 13101.02818112967725 4343.0205077047439772 -2673.1575694632319937 -985.66400076220770643 8001.8420779301841321 14526
357000000 312.98240749699613161 13060.242539257638782 4404.3021332319085559 -2679.6865710445536024 -971.58318829900190394 8055.5718925754636075 14522
358000000 312.10333817403824241 13023.560418181037676 4316.1411657305325207 -2694.5189729026101304 -1087.0176884506620354 8097.6778270838040044 14528
359000000 309.58134483962800232 12918.321772682711526 4340.5469439814360157 -2710.4099597009435456 -969.47884582854180735 8020.4357495109215961 14530
360000000 309.89085030603621362 12931.236928172900662 4406.5009915859554894 -2707.4863837400371267 -1039.7939668837466343 8153.7813422097387956 14530
361000000 309.75511813068186484 12925.573047111069172 4142.8017165144419778 -2753.4793614250152132 -1099.2097323493733256 7995.4908102888311987 14528
362000000 312.58631791559349722 13043.714370656211031 4253.7994382499109633 -2750.2870021730941517 -1091.556016012937107 8095.6424564359431315 14529
363000000 308.12552926180575241 12857.572976317949724 4261.9373948879592717 -2715.1300094476127924 -1087.0026713882068634 8064.0700757237800644 14533
364000000 310.80977868977464595 12969.582302482627711 4333.1655062938052652 -2707.7817633084373483 -924.85449315746211596 7965.8017627597055252 14526
365000000 308.33639556505505652 12866.372081308600173 4294.6027952570057096 -2705.5265735105940621 -1029.295582162467781 8029.4249509300680074 14528
366000000 311.32551161073808998 12991.10299141568612 4445.1172885961250358 -2669.1837382088669983 -994.40352680565388255 8108.7045536106452346 14526
367000000 310.67785888267633254 12964.077505295417723 4416.5726601731512346 -2647.783513700218009 -943.52226511071023651 8007.878438984078457 14521
368000000 313.19439477286755391 13069.088420597292497 4410.4165154291031286 -2672.5607840778493483 -941.57840617504461989 8024.5557056819970967 14524
369000000 311.40259100894610356 12994.319388284211527 4290.7278423989664589 -2644.5038852942088852 -1031.5012442100646695 7966.7329719032395587 14521
370000000 308.71412782366354577 12882.134228937859007 4263.0397361841478414 -2667.5545205256694317 -1020.4378092882006968 7951.0320659980188793 14524
371000000 310.17675214012632523 12943.167142799009525 4487.8962749309557694 -2635.9447370098814645 -961.45919349585847158 8085.3002054366952507 14526
372000000 309.89651300766314534 12931.473223424338357 4348.2729969253123272 -2699.353717603644327 -1028.1053643937307243 8075.7320789226869238 14522
373000000 311.09977271522961928 12981.683277542748328 4530.5598017938136763 -2650.0030065424684835 -888.95939575261991195 8069.5222040889029813 14523
374000000 309.18413092607880799 12901.746687544835368 4447.5628245171592425 -2655.1828117361001205 -960.87277050684474489 8063.6184067601043353 14524
375000000 312.43522273038945514 13037.409416390377373 4305.8625977334822892 -2668.7663471202795336 -1010.0016833899637732 7984.6306282437253685 14519
376000000 308.87931614701642502 12889.02726674434598 4370.9719311469825698 -2660.1447087207079676 -1036.6623043242293534 8067.778944191921255 14527
377000000 308.14888052863057055 12858.547386383901539 4489.7511229064966756 -2624.0503104735112174 -928.51010891025134697 8042.31154229025924 14524
378000000 309.37458255437542221 12909.693921632024285 4306.5320990551399518 -2660.7561432395486918 -1012.1847784258418415 7979.4730207205311672 14524
379000000 308.40878824329951158 12869.392909039781443 4523.5755398704868639 -2631.9881965606859922 -945.19951484458579216 8100.763251275759103 14526
380000000 310.52721367544165787 12957.791327872231705 4536.870028340294084 -2561.1395292216066082 -965.20069025009399866 8063.210247811995032 14523
381000000 308.9066354521716562 12890.167256541806637 4568.0710907834518366 -2536.5130077583989987 -972.8264672032165663 8077.4105657450672879 14528
382000000 309.50231731750506015 12915.024083798354695 4466.7877304110952537 -2558.836246161431518 -942.57056417222054279 7968.1945407447474281 14522
383000000 311.08657086083888998 12981.132385811517452 4604.3593167632707264 -2543.506215203366537 -924.74668511933373338 8072.6122170859707694 14523
384000000 311.26371562977743679 12988.524346482407054 4343.644395355040615 -2624.6166034498210138 -1026.9394951646440859 7995.2004939695052599 14524
385000000 313.50047041463938058 13081.86045513069439 4484.0554619346394247 -2622.5304020549010602 -1052.6986254343632936 8159.2844894239051428 14525
386000000 310.41493882502413726 12953.106282507420474 4498.1165365724746152 -2607.3960676131973742 -1012.7596849315639247 8118.2722891172361415 14521
387000000 313.24456637024405836 13071.181999068872756 4451.8679090900368465 -2649.8318304936756249 -974.69010882880354529 8076.3898484125165851 14521
388000000 311.2612614875924919 12988.421939154093707 4287.0484894333194461 -2664.8090656049753306 -1009.8418629006084757 7961.6994179389021156 14538
389000000 306.48568782963479862 12789.145082873868887 4425.5011029608049284 -2633.0142719592749927 -939.2564245649273289 7997.7717994850063405 14531
390000000 313.44365166795682853 13079.489502020629516 4308.2669046081346096 -2619.4719203943623143 -1057.3636059972045587 7985.1024309997010278 14532
391000000 307.85830083665393886 12846.421972420390375 4228.9883645991340018 -2676.9461784212280691 -1113.4928185874243809 8019.4273616077880433 14533
392000000 312.43422038581235256 13037.367590195130106 4525.4499351452604969 -2634.3827601882908311 -973.02377948773141725 8132.8564748212829727 14530
393000000 309.47243840757948874 12913.777285891861538 4392.0472337713108573 -2649.9207886799390508 -1038.3710135953585905 8080.3390360466082711 14526
394000000 312.43239877946410843 13037.291577549853173 4548.9818396780483454 -2655.1814530908773122 -974.14722214242772225 8178.3105149113534935 14526
395000000 309.07128965503318341 12897.038006376204066 4568.0623430316536542 -2631.4309553468619924 -902.95698865301619662 8102.4502870315318432 14522
396000000 307.93576338320332297 12849.654357440795138 4253.3925005496366794 -2653.8702366126740344 -1062.1805905473099756 7969.4433277096213715 14532
397000000 312.08335509377866401 13022.726557016256265 4426.7095092844010651 -2647.2680971154422878 -996.86663833180045913 8070.844244731643812 14527
398000000 312.22387356939208303 13028.590162537841024 4371.9901994331776223 -2606.2319322443177043 -1097.790188398767441 8076.0123200762645865 14525
399000000 308.90144150443438775 12889.950521621376538 4423.1769157155922585 -2587.6558201603065754 -1006.2921229891901476 8017.1248588650887541 14524
400000000 307.54950059311215682 12833.536244723774871 4443.6895017312544951 -2592.4430129049119387 -1063.1461846495421923 8099.2786992857090809 14531
