# Steps Temp KinEng PotEng Epair Ebond Eangle Bonds
1000000 307.46491399351208429 12830.006584653796381 4318.5786763780406545 -2747.5179191371025809 -938.90764892855622747 8005.0042444436985534 14528
2000000 309.34512334502738895 12908.464637142276842 4354.839882508125811 -2721.5316979166882447 -976.08965802733780492 8052.4612384521515196 14534
3000000 307.49120037138635553 12831.103472089936986 4205.7041253190363932 -2735.938676673270038 -1129.2177174746150286 8070.8605194669216871 14530
4000000 310.1842576065039907 12943.480333601159145 4318.6499441065861902 -2757.6179641434709993 -938.57363454475182607 8014.8415427948093566 14527
5000000 308.22187112597538317 12861.593164298488773 4164.4939461770236449 -2722.629150673942604 -1066.5479361848197186 7953.6710330357864223 14533
6000000 308.41076506760799703 12869.475398675966062 4202.718927683155016 -2784.7354266701777306 -1034.5138325614902897 8021.968186914823491 14532
7000000 311.14854362607644589 12983.71840766272544 4227.1764213432270481 -2806.3655280864181805 -1058.5612175714472869 8092.1031670010925154 14529
8000000 310.03430787790676959 12937.223177360854606 4283.4534210270367112 -2734.1800504327502495 -987.34128634263402091 8004.9747578024207542 14524
9000000 309.69612002229769132 12923.11115281158709 4298.8319500876832535 -2719.6800779815330316 -892.67074686973694497 7911.1827749389540259 14521
10000000 310.35203708517587984 12950.481496069327477 4412.6903299854775469 -2682.8800780601377483 -885.76299491875874992 7981.3334029643747272 14520
11000000 308.02153029908106419 12853.233270173192068 4253.8582351703007589 -2679.6723238821550694 -993.74742013974275778 7927.2779791921993819 14520
12000000 308.00197272103565638 12852.417164517937636 4126.7791898133091308 -2736.8454400337695915 -964.78164305920233801 7828.4062729062825383 14531
13000000 305.33026558614091073 12740.93120767250366 4165.2148015114389636 -2737.1884018305418067 -1021.5908892541135629 7923.9940925960936511 14531
14000000 309.02134976999786886 12894.954096880588622 4175.5645118981392443 -2674.3084100934552225 -1085.7517979910344366 7935.6247199826284486 14533
15000000 309.30039961213691413 12906.598389120599677 4320.0869780673128844 -2731.7526187898811258 -996.47821178608637638 8048.3178086432799319 14536
16000000 309.40096824199326875 12910.794953100885323 4319.6386521773129061 -2704.5812369533505262 -999.86921369893138944 8024.0891028295955039 14526
17000000 308.50329754431896845 12873.336627165670507 4408.3653348158786685 -2692.4215551384404534 -969.9864785475191411 8070.7733685018374672 14525
18000000 309.69070968484044215 12922.885388303046057 4443.7236401076197581 -2741.12672183083032 -857.52467401345950293 8042.3750359519090125 14517
19000000 311.59549196915759239 13002.368828975033466 4361.7506424362909456 -2683.2442023443777543 -952.916118809010527 7997.9109635896802502 14520
20000000 306.96997582674316618 12809.353626707590593 4356.568914555324227 -2645.2378640367314802 -910.9639316409982257 7912.7707102330541602 14520
21000000 310.93759186716545173 12974.915736747469055 4313.0702355254252325 -2671.4628784866408751 -919.29627928459274244 7903.8293932966589637 14514
22000000 306.44474331456103755 12787.436535413351521 4407.572809788171071 -2689.6498649475825005 -948.07094718861799265 8045.2936219243711093 14515
23000000 309.73427760854929147 12924.703406303226075 4365.7732167883477814 -2745.2309033475212345 -904.45334595131873812 8015.4574660871876404 14518
24000000 312.4343920170881006 13037.374752086772787 4244.7438328150428788 -2745.7844320573981349 -1036.7734610739355503 8027.3017259463758819 14519
25000000 309.09362828183742522 12897.97016063493902 4181.9792711881837022 -2753.924754087960082 -988.59452601455552667 7924.4985512906987424 14520
26000000 308.7536145875661191 12883.781946832874382 4251.572318086764426 -2771.7192760436137178 -1020.6336944188739153 8043.9252885492524001 14531
27000000 308.53143777773243528 12874.510872952934733 4271.9362934724831575 -2791.4620752446630831 -976.94190824885436086 8040.3402769660006015 14530
28000000 309.79716102874692751 12927.327428292344848 4272.9451736673718187 -2747.346917289245539 -1007.7274755545229254 8028.0195665111405106 14533
29000000 309.93408712282467832 12933.041129624345558 4374.1445190382964938 -2734.5043250046328467 -979.0397296957630715 8087.6885737386910478 14526
30000000 314.58570537180099791 13127.145529988289127 4374.7874362402653787 -2748.8450573407026241 -983.9579410087544602 8107.5904345897215535 14532
31000000 308.19491535500009149 12860.468344186121612 4266.5120813716748671 -2744.1638712815242798 -948.93247514558686362 7959.6084277987865789 14529
32000000 308.07608667543433967 12855.509818279953834 4095.543567166064804 -2788.8412585652004054 -1155.7721599311341834 8040.1569856624000749 14540
33000000 313.20321706528267214 13069.456560390244704 4194.5003190033612555 -2719.7291936925339542 -1096.0711714857100105 8010.3006841816049928 14530
34000000 306.75088923454904943 12800.211502541451409 4340.3991721153961407 -2690.5095450227163383 -938.35429897701521895 7969.2630161151282664 14527
35000000 309.35603494579595463 12908.919960346122025 4310.3651471554076124 -2691.3743023115425785 -962.79370452243801992 7964.5331539893877562 14530
36000000 309.16648630193554936 12901.010406318462628 4298.3296511501903296 -2787.5858729902074629 -1003.4056775747071697 8089.321201715105417 14528
37000000 309.03638410592890295 12895.581455061024826 4287.3548300816801202 -2793.1316584343967406 -1076.4640863385170633 8156.9505748545943788 14532
38000000 309.0354833324511219 12895.54386726116536 4172.2288527652299308 -2744.4277026175304854 -1081.3836054179726034 7998.0401608007323375 14529
39000000 307.46750478149255059 12830.114693987043211 4375.5897501458239276 -2682.8533909164971192 -1019.5326119333926727 8077.9757529957141742 14528
40000000 308.56364006391066823 12875.854621539858272 4214.0911854539563137 -2729.2272046203584068 -1017.6427172340729612 7960.9611073083869996 14532
41000000 309.04769928998439354 12896.053619133514076 4369.2356850963424222 -2682.0413857802827806 -1062.6632697393765739 8113.9403406160017767 14535
42000000 309.77213007266192335 12926.282927548440057 4280.9937228372218669 -2700.914634064686652 -1066.6712766630155329 8048.5796335649238245 14526
43000000 307.34900780468296944 12825.170009492861936 4323.4998662377038272 -2662.4464252794377899 -1051.5493614421529855 8037.4956529592946026 14525
44000000 309.10757028142387526 12898.551937411268227 4441.8946830393761047 -2644.3743800487477529 -919.90152943514874551 8006.1705925232727168 14520
45000000 309.61806501604752384 12919.854045419568138 4321.6895153910927547 -2654.1350255948027552 -1001.8586853282959055 7977.6832263141914154 14524
46000000 307.43591286122369866 12828.796414968450335 4348.8839499243786122 -2658.9621575114852021 -1019.004574664768711 8026.8506821006321843 14524
47000000 309.8249398357477844 12928.486592348190243 4394.0990546916482344 -2645.5245904550865816 -1001.7612334038358313 8041.3848785505706473 14528
48000000 311.22254100175797475 12986.806196786075816 4272.6452713812013826 -2622.8645479709334722 -1148.6115398645788446 8044.1213592167123352 14532
49000000 309.84224662327636679 12929.208776206720358 4383.2962919266028621 -2558.6621830265394237 -1041.1359471733658211 7983.0944221265081069 14526
50000000 305.1605909571844677 12733.850963691214929 4297.0591051159617564 -2684.3553037192177726 -906.95276351421705385 7888.3671723493971513 14518
51000000 311.4072863855113269 12994.51531864734352 4291.519783224675848 -2698.9399635571712679 -985.29916555718602922 7975.7589123390334862 14517
52000000 309.78383342959028823 12926.771289438267559 4280.7730176913446485 -2684.6127992760721099 -985.35812065986453945 7950.7439376272814116 14514
53000000 310.1338966894479654 12941.378855129856674 4306.8826434651064119 -2637.7857654387535149 -987.40124893229801728 7932.069657836157603 14524
54000000 309.50110655186841768 12914.973560534126591 4426.0914012721132167 -2646.6388262155860502 -993.66145694366809948 8066.3916844313680485 14528
55000000 310.5907796714522533 12960.443832630526231 4327.385487164729966 -2682.6990110085184824 -1035.6912980830707056 8045.7757962563191541 14526
56000000 310.36559542111632481 12951.047263190959711 4324.9850109933213389 -2679.3485814355781258 -1069.7123896938610415 8074.0459821227614157 14523
57000000 311.25446839258995624 12988.13847444106068 4450.9787059698819576 -2650.854111031490902 -923.90442030041094768 8025.737237301782443 14518
58000000 308.53271206433862517 12874.56404684303925 4402.2897183270797541 -2618.7165030082883277 -946.27277458310538805 7967.2789959184738109 14525
59000000 310.15467799400317972 12942.246024885320367 4426.947573287452542 -2673.4231937729491619 -911.94496640886109162 8012.3157334692623408 14519
60000000 310.15259369465701411 12942.159050492084134 4396.2816450651698688 -2646.9747430346224064 -1046.8060057336472255 8090.0623938334392733 14516
61000000 311.96726216890868955 13017.882189666604972 4216.2330380317198433 -2695.3342993763335471 -1030.6608132172746082 7942.2281506253275438 14521
62000000 310.74205394306756034 12966.756259878578931 4334.3397306600545562 -2729.9702424868710295 -981.31585811142963394 8045.6258312583549923 14522
63000000 310.24061834488844625 12945.83217477612925 4505.4161447647584282 -2647.7497104958092677 -884.37586228205759653 8037.5417175426255199 14523
64000000 309.90814280478593901 12931.958515784126575 4419.4068169158072124 -2649.7730340194284508 -1023.9732564584630836 8093.1531073936994289 14521
65000000 310.6018068401264145 12960.90397829352878 4180.9312047567364061 -2656.8016874974637176 -1070.6915739968314938 7908.4244662510318449 14529
66000000 310.56783273396939649 12959.48629456486924 4438.92396534913496 -2676.2220508844984579 -892.68438940977353013 8007.8304056434062659 14518
67000000 311.56354062351380207 13001.035551725040932 4419.6307534697416486 -2659.5965076190941545 -1034.7027571727942359 8113.9300182616298116 14528
68000000 309.11015337263512492 12898.65972557096029 4478.8131301718267423 -2697.2304835650047607 -946.74201285630101665 8122.7856265931322923 14527
69000000 306.53826808938174509 12791.339170875697164 4202.1277453001694084 -2679.71298518848198 -1027.7040745628321474 7909.5448050514833085 14527
70000000 309.26491785409007207 12905.117793551293289 4182.483408331908322 -2703.669842413031347 -1068.9976077875157898 7955.1508585324554588 14532
71000000 309.95785604077650532 12934.032967586834275 4350.7993113325510421 -2685.449276810162246 -1001.9533951737947746 8038.2019833165068121 14530
72000000 308.20410748939076484 12860.851916878131306 4319.6449588890372979 -2687.8945220983232502 -1004.7429925138704903 8012.2824735012309247 14532
73000000 310.96064386893215215 12975.877658973375219 4386.1570783514544019 -2650.6796414122200076 -983.52873062667003978 8020.3654503903435398 14527
74000000 308.91679721115485791 12890.59129007777301 4366.0910291556037919 -2694.1001994966113671 -1016.4132200219694369 8076.6044486741848232 14534
75000000 311.23452074455360616 12987.306091804841344 4248.8253172930126311 -2661.8127403159614914 -1011.9330517242235601 7922.5711093331974553 14530
76000000 313.32975439507998772 13074.736755627540333 4336.3888464540777932 -2713.3491126030694431 -995.84156479870512158 8045.5795238558521305 14525
77000000 310.81893718160313256 12969.96447132569665 4434.4587397296163545 -2659.9165452037327668 -1012.4460077718606499 8106.821292705209089 14527
78000000 312.65867269341379142 13046.733616864852593 4425.6607533901224087 -2632.3245220073445125 -974.81677244983870878 8032.8020478473044932 14522
79000000 308.35119514300669152 12866.989643423585221 4549.4867674462029754 -2643.6299075379088208 -957.31356213191395454 8150.4302371160265466 14521
80000000 308.63753090355277209 12878.937965089015051 4340.169906382159752 -2723.6143171678736508 -982.14868815485465348 8045.9329117048882836 14523
81000000 311.41078903173439585 12994.661478329506281 4307.4297850331222435 -2686.6310340004383761 -1008.0741524832646974 8002.1349715168253169 14521
82000000 312.18200517906825553 13026.843063278394766 4315.0433521471604763 -2683.1847166777588427 -1023.0395594123335741 8021.2676282372549394 14524
83000000 310.12712558125252826 12941.096307890224125 4308.6231929908853999 -2669.3479177916196932 -911.76945023651546762 7889.7405610190198786 14526
84000000 314.05398818729258892 13104.95784395345072 4331.5090242331407353 -2575.0960917309685101 -1040.14426859758305 7946.7493845616927501 14528
85000000 309.30450854660108462 12906.769848216685205 4448.2427005845020176 -2611.542783362568116 -986.11292910996905903 8045.8984130570388515 14529
86000000 309.25982174820222781 12904.90514141076892 4403.782541190228585 -2651.9197022124972136 -862.70099671978209699 7918.4032401225067588 14519
87000000 311.68459820148052586 13006.087085905841377 4299.93896582238267 -2603.6829249930410697 -1024.5998648175755079 7928.2217556329987929 14528
88000000 310.7435798824837434 12966.819934827708494 4334.9224652665106987 -2661.9794613528679292 -1026.0178345300341789 8022.9197611494128068 14531
89000000 311.92088591668942854 13015.946984723652349 4310.5654236675745778 -2683.5109541162714777 -1052.2189463748341041 8046.2953241586801596 14533
90000000 313.35511342536551638 13075.794946369755053 4361.1828161398270822 -2646.4368869727777565 -971.63708158495592215 7979.2567846975616703 14532
91000000 308.3053860470915879 12865.078104983007506 4185.5845932646152505 -2665.2342494352296853 -1071.4258023525921999 7922.244645052436681 14536
92000000 310.34622040039897684 12950.238775353591336 4319.721209495453877 -2656.5377808712391925 -1127.9598856344607611 8104.218876001154058 14542
93000000 308.92590524665831708 12890.971353461151011 4274.9519720580919966 -2635.9357689936905444 -957.68179369810127355 7868.569534749884042 14530
94000000 309.19364658103245347 12902.143760219330943 4310.5471887268467981 -2647.7987860677499157 -1068.4087169671311131 8026.7546917617291911 14532
95000000 309.27184347267450448 12905.40678825604482 4151.4131842759388746 -2681.8404531700152802 -1144.7370315418202154 7977.9906689877734607 14533
96000000 307.41416608598200355 12827.88895770471936 4329.9082525850344609 -2643.1311609089948433 -1048.6924982012499186 8021.7319116952785407 14533
97000000 309.86083860481011243 12929.984589103229155 4393.6364368483336875 -2630.2576902345763301 -1006.1638379019898366 8030.0579649848987174 14527
98000000 309.84710946959654621 12929.41169480805911 4381.3775226970265066 -2612.4934307914054443 -1010.9048249819157945 8004.7757784703462676 14524
99000000 311.13351505999202118 12983.091290248525183 4322.5551895882563258 -2600.466634772843463 -1038.1124022477742983 7961.1342266088740871 14518
100000000 311.18608576785277364 12985.284979665808351 4293.0702870925588286 -2699.4489507497805789 -981.80800590979811204 7974.3272437521382017 14521
101000000 308.52928182601999652 12874.420908623971627 4472.5828163310761738 -2602.602275457586984 -903.45370196784745076 7978.6387937565104949 14524
102000000 314.09102013911058293 13106.503126566340143 4245.0310393413619749 -2674.1916615208433541 -1046.3039384271987728 7965.5266392894036471 14532
103000000 313.65270164955416021 13088.212814887709101 4457.6640697227867349 -2609.9189470120400074 -944.66153926344850333 8012.2445559982743362 14526
104000000 312.28636289427959127 13031.197739576025924 4299.4017780785943614 -2618.6396112692168572 -1073.4700452394185959 7991.5114345872298145 14525
105000000 307.77183585653364162 12842.813930612053809 4349.9662860036223719 -2638.7755179243395105 -983.51809912359010468 7972.2599030515511913 14520
106000000 312.785975476718761 13052.045753221595078 4361.0367005520747625 -2598.6613080226170496 -1016.3768504350874764 7976.0748590097791748 14525
107000000 307.88858596256409328 12847.685721053681846 4415.7781818173443753 -2617.6899312012928931 -951.75656036699342621 7985.224673385630922 14520
108000000 309.14290069842098774 12900.026217766786431 4523.4386405142304284 -2664.2304291670279781 -946.45087800374233211 8134.1199476850015344 14519
109000000 307.95510415990230513 12850.461416331441797 4290.6715069261263125 -2588.294652525600668 -1037.3520099889647099 7916.3181694406921451 14529
110000000 309.02002264032989842 12894.898717936182948 4434.6871466058755686 -2644.6968278330041358 -1033.2867443307479789 8112.6707187696274559 14526
111000000 306.77825594430862566 12801.353470455302158 4372.5805876785161672 -2629.9459445815132312 -1065.4905253020929194 8068.0170575621223179 14532
112000000 309.66199386227225432 12921.687124124384354 4368.6396426842084111 -2653.4116643209008544 -997.26580465706820178 8019.317111662177922 14531
113000000 308.52627252856314044 12874.295335576676734 4653.5627191167695855 -2619.7377630446785588 -927.60086346264199619 8200.9013456240900268 14520
114000000 311.89534487373219918 13014.881198891169333 4446.7872181926777557 -2562.8961237606722534 -1009.9445115259035219 8019.6278534792527353 14527
115000000 310.11238107329626246 12940.48104375582443 4270.3597780609125039 -2613.4196752929497052 -1081.2793511129229955 7965.0588044667847498 14518
116000000 309.80187044366601867 12927.523944452959768 4408.0760551208531979 -2611.9243441611642993 -956.96252189584163261 7976.9629211778592435 14520
117000000 307.96432395911045887 12850.84614343091198 4434.0519083130220679 -2617.113041042788609 -1050.625105432596456 8101.7900547884082698 14521
118000000 307.12686402001736496 12815.900313699019534 4346.0810920154017367 -2678.9338469328599786 -921.26516957480328074 7946.2801085230648823 14526
119000000 307.18747280965300206 12818.429419085430709 4289.2957225862783162 -2715.1719827737715605 -1065.0598919909987217 8069.5275973510488257 14528
120000000 307.05216619840854264 12812.78329611593108 4249.6096831674449277 -2709.3757815818053132 -1019.8761895281746774 7978.8616542774252594 14524
121000000 308.37568485648699834 12868.01155900129379 4440.2760454052986461 -2679.5491736560297795 -929.07227469061285774 8048.8974937519415107 14526
122000000 309.89307115978743923 12931.329600757495427 4454.323780408818493 -2637.1588066213744241 -920.86183856858997387 8012.3444255987833458 14524
123000000 307.73456154046454003 12841.258534536469597 4409.1597673926662537 -2666.0684878490574192 -1007.0655905062313877 8082.293845747954947 14528
124000000 313.608712684289344 13086.377227513952676 4415.4620913476046553 -2637.9934155512491998 -989.63211133226400307 8043.0876182311185403 14514
125000000 309.80482060252887777 12927.647049743720345 4256.1105831361992387 -2631.6395141982657151 -1084.9159871971164648 7972.6660845315800543 14524
126000000 309.44949061805579049 12912.819712271937533 4435.8222028070285887 -2593.5418488942768818 -987.46184724326576543 8016.8258989445712359 14520
127000000 312.30416578404305028 13031.940624967157419 4325.4229532843692141 -2612.1322078809303093 -1027.0089913435072049 7964.5641525088067283 14528
128000000 309.6721706289452527 12922.111783906631899 4361.2006674273470708 -2687.4655983777747679 -939.99863368994567736 7988.6648994950664928 14528
129000000 314.21996254954984806 13111.883681874227477 4366.2120210375051101 -2642.3927521510267979 -1018.790678680036649 8027.3954518685686708 14523
130000000 306.96566534504592028 12809.173757376029243 4419.0595066511305049 -2666.2562002825752643 -904.27863701932108143 7989.5943439530256001 14521
131000000 308.39225428588662226 12868.702974114452445 4354.9786957850665203 -2666.9792378343786368 -1023.0179745791818959 8044.975908198626712 14518
132000000 309.92870120302796977 12932.816384024730723 4338.6615484399690104 -2657.1476621104748119 -942.8500921480906527 7938.6593026985347024 14520
133000000 306.7556865727038371 12800.411687594489194 4394.3672264405122405 -2630.2761016815957191 -911.77050020105866679 7936.4138283231677633 14522
134000000 308.53114722296623995 12874.49874857908253 4442.6921568698644478 -2734.7373706009730085 -903.15050604502584974 8080.5800335158637608 14526
135000000 311.60993815909307614 13002.971644787699915 4311.1299597766665102 -2729.7038923421623622 -1030.7518317171584386 8071.5856838359886751 14521
136000000 310.43520705886197675 12953.952042663338943 4249.1183602319124475 -2680.6691816916004427 -1090.7066465080129092 8020.4941884315267089 14528
137000000 309.53682927069655761 12916.464211001635704 4431.9083076293381964 -2635.9893556179849838 -1039.9867707315356711 8107.8844339788574871 14529
138000000 312.8216336320902542 13053.533709561948854 4400.866444531234265 -2685.2142501664643532 -899.84937410732834451 7985.930068805026167 14527
139000000 310.50810737322433397 12956.994053217142209 4261.0945650849989761 -2681.2181683338531002 -1020.2053350043679529 7962.5180684232200292 14529
140000000 310.70202518010950143 12965.085925251916706 4429.5729402032484359 -2687.2183807545075069 -868.48542573711949899 7985.2767466948735091 14533
141000000 307.5315028439664502 12832.785228170214396 4225.7515547260363746 -2671.5334415077850281 -1058.3046232536569278 7955.5896194874785579 14538
142000000 312.95468626052087302 13059.08577752540441 4310.4384669207074694 -2697.4757508725560911 -1056.4358681760847958 8064.3500859693485836 14542
143000000 310.63442553504148691 12962.265102934085007 4247.3248494156468951 -2666.4532222963403001 -1098.0421361644023364 8011.8202078763897589 14539
144000000 313.56326704774153313 13084.480855636658816 4254.7502014696874539 -2717.6219232135772472 -1057.5576242905917752 8029.9297489738564764 14537
145000000 307.41899578464870046 12828.090493108842566 4352.4049422095104092 -2688.254502587828938 -1005.0038003726904208 8045.6632451700297679 14536
146000000 308.86025024712910181 12888.231678012221892 4449.1400082977615966 -2628.675619764365365 -987.24079174591190622 8065.0564198080382994 14531
147000000 310.75302877482857866 12967.214221608035587 4442.5958598906181578 -2631.2547433697150154 -986.71571613389346567 8060.5663193942264115 14530
148000000 307.78110326975001954 12843.20064456599539 4352.728464089692352 -2669.0297651411656261 -1002.2526712384232042 8024.0109004692822054 14528
149000000 308.80257938925086592 12885.825167699516896 4464.3777905476899832 -2570.1322151298491008 -964.47522897615999682 7998.9852346536999903 14525
150000000 311.87885096447519118 13014.192935109700556 4489.0498315019794973 -2538.9656777352747667 -930.89786359552260819 7958.9133728327778954 14516
151000000 311.08952263817354833 12981.255558638453294 4553.347877947775487 -2528.4607937304631378 -964.98623734130967478 8046.7949090195497774 14519
152000000 311.74274036806264121 13008.513263157761685 4369.8025874387085423 -2538.6654299180563612 -1028.6540581030819794 7937.1220754598471103 14524
153000000 312.01107213929566342 13019.710307877679952 4418.7402808063579869 -2595.4951826598780826 -933.89824763526405604 7948.1337111015018309 14514
154000000 311.81275312982450032 13011.434780877449157 4455.3448152054334059 -2638.4850161789208869 -948.50689877053093824 8042.3367301548860269 14525
155000000 313.05585162852554504 13063.307242409902756 4323.9244828508708451 -2651.5316843675150267 -1040.5086949367350826 8015.9648621551214092 14527
156000000 313.58287289554277777 13085.298975509656884 4433.3366368791030254 -2638.0175327497918261 -985.21373523574254705 8056.5679048646370575 14518
157000000 313.09194122653730119 13064.813202144021488 4408.3219782760907037 -2628.1763180263251343 -987.04630658092855811 8023.5446028833439414 14519
158000000 310.60408955145419441 12960.999232093339742 4358.7095371880477614 -2676.4627726471280766 -982.82591506888309141 8017.9982249040585884 14524
159000000 307.25967369926200945 12821.442243791409055 4398.9566794497941373 -2635.3508344512160875 -952.34967686087315997 7986.6571907618836121 14525
160000000 311.05504954680770879 12979.817053075419608 4461.5404701897741688 -2582.9884357034038658 -948.501792152624148 7993.0306980458026374 14525
161000000 306.07013917271927994 12771.804918966312471 4539.5190916668807404 -2581.9746526427361459 -967.12164745727091031 8088.615391766888024 14530
162000000 310.00289488978359032 12935.912364887231888 4421.705494693917899 -2595.6135103228193657 -1000.4902217555141988 8017.8092267722522593 14528
163000000 308.4070782568701361 12869.32155411065105 4548.5910386964751524 -2603.8029277303758136 -958.94630018129839755 8111.3402666081492498 14528
164000000 311.77442239436442151 13009.835302153325756 4440.5769202948122256 -2603.6575000986931627 -971.28183901355782837 8015.5162594070634441 14526
165000000 311.561183024573495 13000.937172987984013 4355.6886408848740757 -2658.9820303568130839 -1035.0681726453512965 8049.7388438870375467 14529
166000000 308.54159331107740627 12874.934646703228282 4412.618436467835636 -2598.5747555742209443 -1041.4531103880681258 8052.646302430124706 14531
167000000 308.27489617193543836 12863.805812499491367 4407.8621759433508487 -2584.339988286303651 -989.92184392663739345 7982.1240081562909836 14525
168000000 310.43079605709374391 12953.767978794079681 4496.3036770354046894 -2596.1003560578656106 -1000.73846353362228 8093.1424966268914432 14528
169000000 307.42194567065916999 12828.213587013922734 4443.674737506216843 -2620.2139348369873915 -969.01921833708729537 8032.9078906802915299 14527
170000000 310.64699336013740094 12962.789537662722068 4301.2566537300972414 -2616.2935739026879673 -1050.1617173302438459 7967.7119449630281451 14537
171000000 309.499591330801195 12914.910332844121513 4446.2764460555927144 -2618.5514319181565952 -1039.0104847937050181 8103.8383627674538729 14533
172000000 306.67105963466019602 12796.880344267417968 4327.3179499903408214 -2639.4245980525865889 -1129.306917857009239 8096.0494658999359672 14525
173000000 309.75770959815059769 12925.681184798248069 4369.9436199279680295 -2626.4093200928505212 -1048.8458886302464634 8045.1988286510659236 14537
174000000 312.58849051246141926 13043.805029560211551 4292.1591951234649969 -2615.7876959381533197 -1121.1491317780246391 8029.0960228396425009 14539
175000000 309.25388040609777818 12904.657218949205344 4078.0621480909458114 -2669.3727082671584867 -1208.6779508730064663 7956.1128072311112192 14535
176000000 313.94180580036572792 13100.276656938453016 4374.2067240211745229 -2592.4402539406964934 -1064.9555776570932721 8031.6025556189651979 14532
177000000 308.50528907736008932 12873.41973057314317 4510.0942226235656562 -2605.0244912741209191 -921.83688143595566089 8036.9555953336421226 14525
178000000 310.25028412824269708 12946.235512062552516 4388.6139254514391723 -2620.0024003932658161 -983.30407159930018679 7991.9203974440042657 14524
179000000 309.51408377452287368 12915.51507875142488 4458.3855783097624226 -2566.8340487594559818 -973.58406070718979208 7998.8036877764097881 14516
180000000 308.87901624661941469 12889.014752392648006 4535.9660389964865317 -2694.645825593763675 -891.02865130054567544 8121.6405158907946316 14516
181000000 313.20822526994459167 13069.665544556779423 4488.4704446165951595 -2633.2836654361854016 -881.81210618730779061 8003.5662162400885791 14516
182000000 310.18276704069802463 12943.418134734767591 4538.4970071470652329 -2628.3119874532662834 -870.50099335425511526 8037.3099879545861768 14512
183000000 309.14011803732489625 12899.910101883117022 4388.0226872739785904 -2617.5691566953719303 -931.22498083791265344 7936.8168248072634015 14520
184000000 307.53109746555060156 12832.768312393785891 4209.3087345069779985 -2609.3846288835748055 -1125.0591260496462382 7943.7524894401976781 14524
185000000 309.0467150699969352 12896.012549247665447 4401.3684697552553189 -2607.4306642940036909 -1008.1083545933805681 8016.9074886426396915 14522
186000000 310.56815065450859947 12959.49956086754537 4516.529387379664513 -2578.3602416211101627 -1034.3475685037305993 8129.2371975045061845 14522
187000000 307.41687207418249272 12828.001874154206234 4393.3986781676385363 -2627.8423790811634717 -1010.8100709364489376 8032.0511281852504908 14524
188000000 308.5939247881050278 12877.118353410209238 4333.4423742677963673 -2576.4594457553807842 -1051.3481120121173262 7961.2499320352944778 14523
189000000 311.15542279274734483 12984.005464005311296 4411.2857892376678137 -2580.715665441872261 -1040.1822163539500252 8032.1836710334900999 14533
190000000 314.86432858288532088 13138.772019614109013 4331.405613697699664 -2569.5850516237533157 -1111.7046042234430843 8012.6952695448962913 14531
191000000 308.03653699454179105 12853.859474962137028 4521.5889824890036834 -2495.1818408578265007 -1053.5701357476409612 8070.3409590944720549 14529
192000000 311.41428460798061906 12994.807342993131897 4387.8385126621105883 -2567.1026905822050139 -1022.5169483108905979 7977.4581515552063138 14529
193000000 316.32361699860331328 13199.665731808423516 4453.4272299274334728 -2648.8352091590622877 -978.26100594575223113 8080.5234450322486737 14527
194000000 309.15614771512855441 12900.578994047427841 4319.4087773720129917 -2711.1086941047960863 -1010.1872076529541573 8040.7046791297643722 14530
195000000 312.16701972376841923 13026.217744806528572 4350.7864047055309129 -2655.9467594108173216 -963.73198596430324869 7970.4651500806521653 14525
196000000 312.33247274537387739 13033.121828036961233 4266.4827259506000701 -2616.6126286344215259 -1025.5392902294197484 7908.6346448144404349 14532
197000000 310.27650420148984267 12947.329632715351181 4202.8628611333469962 -2673.9959076014274615 -1100.6794868936794956 7977.5382556284539532 14537
198000000 307.56356444708268327 12834.123106283695961 4307.1317149108463127 -2654.2270543610611639 -1072.3605529489304899 8033.7193222208388761 14533
199000000 310.98818530733473153 12977.02691802692425 4332.3803437325314007 -2655.2489815160724902 -1074.604228614527301 8062.2335538631323288 14539
200000000 309.32433575338200171 12907.597205036852756 4191.7463307983171035 -2709.1338425047897545 -1085.8007112724267245 7986.6808845755331276 14539
201000000 312.30587050435502761 13032.01176014984776 4261.8486605440530184 -2649.995844450038021 -1060.4171703274241736 7972.261675321515213 14540
202000000 309.55717185070921005 12917.313073501492909 4346.6737998729786341 -2711.1477885601748312 -1039.582163510011469 8097.4037519431649343 14540
203000000 310.47958946057974572 12955.804047494997576 4242.7297083606581509 -2660.5833056863875754 -1089.255788863305952 7992.5688029103512235 14534
204000000 308.10709181677924562 12856.803611976432876 4044.3691420053014554 -2701.3994787016304144 -1191.6530697842097197 7937.4216904911409074 14537
205000000 307.89548765186890478 12847.973717228842361 4260.0916493505983453 -2724.0979617698421862 -1056.4323160626140634 8040.6219271830541402 14534
206000000 310.891662828705023 12972.999193301193372 4373.6734856704379126 -2775.4963878123098766 -1056.6261356966917901 8205.796009179439352 14536
207000000 308.97512826982404022 12893.02534948668108 4401.4860428568699717 -2645.3691297318782745 -960.11442456219583619 8006.9695971509427181 14531
208000000 311.7878506906534426 13010.395642933583076 4302.572650329413591 -2702.367480698444524 -971.97928395227586407 7976.9194149801323874 14532
209000000 312.13589944163516066 13024.919146473794171 4459.3150879390277623 -2703.7389925646311895 -964.02623639871376326 8127.0803169023729424 14534
210000000 314.09375981551698942 13106.617448769407929 4223.5306847798447052 -2682.8003229334262869 -1006.7640640961494682 7913.0950718094200056 14532
211000000 308.2728130338919641 12863.718886565513458 4332.4446297750264421 -2662.2537239719017634 -968.88906739317587835 7963.587421140105107 14525
212000000 311.76171143713099809 13009.304894755343412 4475.8641653442027746 -2590.6297804330547478 -1020.4070437237166971 8086.9009895009749016 14529
213000000 308.80675748736030073 12885.99951288108241 4419.9699758722454135 -2634.2758256711613285 -960.37345851676786879 8014.6192600601752929 14523
214000000 311.73110771906340233 13008.027851793847731 4232.0783188935365615 -2745.2155093319588559 -1023.0854143797346296 8000.3792426052314113 14522
215000000 308.40468218535926326 12869.221569976321916 4290.2914503153660917 -2732.7747832237487273 -997.52000659769078084 8020.5862401368067367 14523
216000000 307.90066696623404141 12848.189841522653296 4214.4842819099139888 -2708.6562670250923475 -1052.5273479164891341 7975.667896851495243 14524
217000000 307.49699836956955323 12831.345413044766246 4406.1033554110945261 -2801.6209887165823602 -951.16896249950082165 8158.89330662717839 14522
218000000 311.09375661866312157 12981.432235700089223 4463.8811689146132267 -2744.7466183444830676 -918.97885664021623597 8127.606643899312985 14522
219000000 311.28117331673928447 12989.252827126798365 4171.6659703112918578 -2737.6047272082032578 -1045.2968434679532947 7954.5675409874475008 14521
220000000 313.63095707493840791 13087.305449452489484 4488.919783452079173 -2775.470335281059306 -908.03623022691863298 8172.4263489600580215 14523
221000000 312.22528891204524371 13028.649222465439379 4276.8719689052022659 -2774.881848510754935 -994.23604818729427279 8045.9898656032510189 14524
222000000 308.90204805151466871 12889.975831836232828 4389.5100289187739691 -2744.1387803145676116 -938.6235988836128854 8072.2724081169553756 14520
223000000 310.31448613056892327 12948.914556321276905 4416.3255491643549249 -2654.5271575190931799 -952.74710784571857403 8023.5998145291669061 14517
224000000 312.30946494519218959 13032.161750270703124 4296.6423813652736499 -2690.387111840871512 -967.90057329616365678 7954.9300665023092733 14526
225000000 309.96985600783068548 12934.533706530739437 4312.7571157057682285 -2638.904824894038029 -1025.7939692635318352 7977.4559098633380927 14520
226000000 307.09338912889791118 12814.503461395110207 4323.2885726178228651 -2703.5948389733312069 -990.41679390398667238 8017.3002054951402897 14521
227000000 311.43385360162056941 12995.623925002424585 4360.6518503478810089 -2718.7366179240761994 -989.50388941510732366 8068.8923576870647594 14521
228000000 308.54061840970274488 12874.893965667808516 4457.1322833573240132 -2742.6103330111645846 -1002.6488027961784155 8202.3914191646672407 14519
229000000 310.08064742056069463 12939.15685047385341 4298.9439170667701546 -2729.9042853585879129 -878.05966955825408604 7906.9078719836115852 14520
230000000 308.82921315440898979 12886.936551037259051 4439.5554188069882002 -2705.7025214572731784 -928.98189107001792308 8074.2398313342782785 14524
231000000 311.49190215017546279 12998.046195727611121 4391.4432655405234982 -2710.9029318933789909 -913.91595420248893333 8016.2621516363915362 14516
232000000 306.13511392967762959 12774.516209008434089 4372.8244194974540733 -2718.2253511171311402 -934.4033708937282654 8025.4531415083147294 14520
233000000 307.76146607920020415 12842.38121681150551 4384.795221140180729 -2686.804701065664176 -979.17567124811887425 8050.7755934539636655 14517
234000000 311.05378867110778174 12979.764438800437347 4403.3854364736735079 -2701.317735238399564 -998.66230038789149148 8103.3654720999647907 14520
235000000 312.54569802302569315 13042.019369160450879 4439.5301629311798024 -2661.687546295975153 -951.51334405981333475 8052.7310532869687449 14512
236000000 306.58861759629218113 12793.440173220336874 4411.3887131151914218 -2610.5739115934693473 -1048.4108988380694427 8070.3735235467311213 14518
237000000 307.56314771132252872 12834.105716583917456 4286.3746405107604005 -2633.4736307907214723 -983.24821435880176068 7903.0964856602840882 14520
238000000 312.35088911931154598 13033.890313116498874 4540.1076310312464557 -2612.2836366643432484 -938.55152742727216264 8090.942795122861753 14519
239000000 309.60612747464614358 12919.355911395770818 4280.8475717560122575 -2661.2211470878069122 -1033.3897910865905487 7975.4585099304104006 14523
240000000 311.8349517497680381 13012.361092879513308 4346.4126552778961923 -2671.7877100159257679 -1033.1344334551381507 8051.3347987489596562 14527
241000000 310.09485968653450527 12939.749905023259998 4369.6686613352476343 -2706.9888849092849341 -994.86199667147832315 8071.5195429160121421 14521
242000000 311.78972930620534498 13010.474034479426336 4330.6268110941700797 -2750.6420152503405916 -901.78421445341814433 7983.0530407979276788 14517
243000000 310.02930383052353136 12937.014366670739037 4495.6233330852892323 -2669.2512076030498065 -898.94944407035461609 8063.8239847586937685 14516
244000000 307.83815058807198284 12845.581135595690284 4464.6879826259309993 -2651.230939293947813 -939.4722406863395463 8055.3911626062172218 14520
245000000 309.31184445159323104 12907.075963500315993 4353.3597078715101816 -2711.0613154134334764 -957.94208099836680503 8022.3631042833103493 14517
246000000 309.96076423554808343 12934.15432178489209 4456.8861196432262659 -2710.1751590399198903 -950.38953145209961804 8117.4508101352457743 14516
247000000 314.59778762677547093 13127.649702672146304 4281.1895561111914503 -2716.3455855671027166 -972.11159745151280731 7969.646739129807429 14517
248000000 307.05106365483959507 12812.737288781092502 4342.9481530327557266 -2728.7834175607754332 -1036.0745621391263285 8107.8061327326558967 14524
249000000 309.80351675778359777 12927.59264244094993 4362.9808617221096938 -2661.4627656678203493 -1038.3904104885784818 8062.8340378785087523 14525
250000000 312.54582215395549838 13042.024548940562454 4400.5900850263251414 -2639.8666463038662187 -1036.8040090047293234 8077.2607403349202286 14528
251000000 310.82786448533778412 12970.336993068782249 4475.7506632751637881 -2583.0995824630831521 -939.93275223647231087 7998.7829979747202742 14528
252000000 308.38805108553759737 12868.527581457597989 4263.6601913468821294 -2654.7621245805989929 -1070.4155635897327556 7988.8378795172147875 14524
253000000 311.39647755876200108 12994.064284034759112 4437.3414079830163246 -2615.443490802204451 -972.34679705060284505 8025.131695835823848 14523
254000000 314.03042460546555503 13103.97457433067575 4437.2525767017914404 -2624.3251423078218068 -902.7761474996538027 7964.3538665092673909 14516
255000000 309.27268524318003529 12905.441913958644363 4460.5944824021653403 -2605.8986935899447417 -944.09384985481744934 8010.5870258469267355 14520
256000000 307.4935133459497365 12831.199988724933064 4302.3850353693924262 -2637.517741209909218 -1069.3409866782230893 8009.243763257523824 14526
257000000 311.67098945533007281 13005.519215248825276 4465.7240365668239974 -2679.3712849989142342 -949.1664059334131025 8094.2617274991516751 14523
258000000 310.70224378788606145 12965.095047395891015 4356.6677986788090493 -2679.0205442832234439 -942.340166161431398 7978.0285091234636639 14525
259000000 312.13227642246289406 13024.767963825886909 4366.7621360483635726 -2719.8172117463627728 -1057.6909307075832203 8144.2702785023102479 14527
260000000 306.75563614770999266 12800.40958344219689 4361.3427462962354184 -2692.0680235042309505 -1021.7290318550788015 8075.139801655546762 14534
261000000 310.76448114989005944 12967.692110436195435 4267.3196428252049373 -2748.0634068563317669 -984.22375060895888055 7999.6068002904949026 14531
262000000 308.70438691112127572 12881.72775663363791 4084.3953036867542323 -2697.5714505147170712 -1140.1251136295809374 7922.0918678310526957 14537
263000000 310.08451914590432352 12939.318411222386203 4260.8656837207618082 -2724.6992576288512282 -991.37755397235764576 7976.9424953219704548 14531
264000000 310.77330291736103618 12968.060228324089621 4234.4357976864484954 -2797.7661015400653923 -1016.7231921385620126 8048.9250913650757866 14532
265000000 305.36825402605688851 12742.516402964974986 4408.8679262475216092 -2715.6854089073563046 -920.63931700736793573 8045.1926521622463042 14529
266000000 311.04097606821551381 12979.22978989582225 4234.8804487616707775 -2690.7043108826514981 -1121.0805664535887445 8046.6653260979119295 14534
267000000 310.53009624118044485 12957.911612612786485 4198.8018520205860113 -2754.2447792337720784 -1083.71815202538005 8036.7647832797374576 14534
268000000 307.68706753320702774 12839.276687509012845 4345.4431124253078451 -2643.9465255212639931 -1053.8140796763227627 8043.2037176228941462 14530
269000000 310.36624852568729693 12951.074516173543088 4289.1191562973835971 -2698.4985732221057333 -1012.3262215805154938 7999.9439511000036873 14531
270000000 307.42397172571401143 12828.298130968407349 4272.2411013286673551 -2720.3313840643231742 -1001.350596349724924 7993.9230817427160218 14531
271000000 310.9234073288795912 12974.323839229004079 4298.1503933403300834 -2699.7964655199448316 -1022.4836002053000357 8020.4304590655756328 14532
272000000 306.85006640253692467 12804.350003100114918 4261.3076685794967489 -2728.8555252729925087 -983.88803039723802613 7974.0512242497261468 14524
273000000 310.47099308761920611 12955.445334950352844 4346.747147840254911 -2740.3480843660199753 -923.50459346026968888 8010.5998256665443478 14523
274000000 311.20366106822689289 12986.018368124992776 4411.003286812287115 -2736.4554543585950341 -971.01524683342415756 8118.4739880043071025 14528
275000000 306.88327174030013111 12805.73560738456581 4298.648479062359911 -2766.5024877632481548 -951.51431224220561944 8016.6652790678144811 14530
276000000 308.39549278638986607 12868.838111428955017 4274.9669887639247463 -2736.7020514123164503 -1025.8728807873360438 8037.5419209635765583 14534
277000000 308.10366757184772268 12856.66072385157895 4128.0903421862385585 -2800.2496411495003485 -1024.0636108178894119 7952.4035941536276368 14531
278000000 311.41803831335977293 12994.963978962114197 4305.3432205140561564 -2721.2340925146218069 -946.72456764761670911 7973.3018806762938766 14524
279000000 311.0379431801891883 12979.103232452753218 4247.4023545616273623 -2743.7676580316519903 -1033.4678546131524399 8024.6378672064311104 14524
280000000 310.1798859713515526 12943.297912436210026 4394.2475480494822477 -2708.0783391510553884 -935.30342327047173967 8037.6293104710093758 14519
281000000 311.93281620063538639 13016.444815905739233 4417.5188846253058728 -2685.7278490089656771 -955.5470505430130288 8058.7937841772845786 14521
282000000 308.56902294172391521 12876.079240202492656 4428.4146557106923865 -2760.078079251091367 -914.23143427773914027 8102.7241692395236896 14513
283000000 308.71857081184015215 12882.319627547478376 4504.8064107743775821 -2692.2313563821198841 -859.23255001407710552 8056.2703171705743443 14516
284000000 306.08733478285392948 12772.52246357453987 4398.7093221335526323 -2667.9531115922427489 -907.92147263654044309 7974.5839063623352558 14519
285000000 309.56231131511356125 12917.527534921799088 4264.1721346182657726 -2722.4538483689284476 -988.09258863012075835 7974.7185716173153196 14525
286000000 310.43436949045582196 12953.917092307454368 4392.8768151132408093 -2732.3745958233453166 -995.02864564379046897 8120.2800565803763675 14521
287000000 305.1425826138573143 12733.099505059837611 4350.5178315640796427 -2701.7820057184007965 -949.00358516890696592 8001.303422451386723 14521
288000000 312.59026113565244032 13043.878914761955457 4489.1807692639640663 -2640.4988447564396665 -865.59622857337228652 7995.2758425937745415 14513
289000000 313.35711074237576668 13075.878291132772574 4392.3703448450050928 -2704.8718430601261389 -875.01213167774653812 7972.2543195828775424 14516
290000000 307.51641953378049266 12832.155826374442768 4403.6336713921991759 -2690.4798441536458995 -894.41715970753034526 7988.5306752533770123 14511
291000000 311.00457061170880024 12977.710649904751335 4400.7999904444704953 -2758.7792960128531377 -967.47790986797144797 8127.0571963252950809 14517
292000000 311.06647747308733187 12980.293921696013058 4515.917178707119092 -2687.0653682404563369 -879.0629284437845854 8082.0454753913591048 14517
293000000 310.24994310811314335 12946.221281851858294 4276.3639597045876144 -2705.7750199077549951 -1045.9060018873838089 8028.0449814997255089 14524
294000000 310.50896169696210336 12957.029702745534451 4266.2890290868854208 -2681.5821501104196614 -1085.9792273467537598 8033.8504065440592967 14522
295000000 308.65646278171163885 12879.727961314220011 4299.1466929888747472 -2691.7669351432050462 -1018.6910204456293059 8009.6046485777078487 14528
296000000 310.8287619605537202 12970.374443237586092 4378.2198629255653941 -2714.3409673587593716 -946.37753516991131164 8038.938365454236191 14523
297000000 314.82270917258466625 13137.035309882676302 4257.6554083549863208 -2665.9377794637098305 -1086.7486156709555871 8010.3418034896521931 14530
298000000 308.59556280134154349 12877.186705016047199 4260.4971936676156474 -2627.0931496784542105 -1060.3224207764942548 7947.9127641225650223 14519
299000000 305.80654582954559828 12760.805601077767278 4224.8365647789105424 -2680.2562430714069706 -1055.7178722071103039 7960.8106800574269073 14522
300000000 307.62263908065756368 12836.588193853876874 4381.9182205536890251 -2660.4616837315375051 -950.66110936682457577 7993.0410136520513333 14519
301000000 312.73764854600398166 13050.029149664353099 4334.321063052547288 -2626.9477754349204588 -930.47162607234599818 7891.7404645598126081 14521
302000000 310.06633317470556221 12938.559540471256696 4376.7448929194033553 -2659.604550784825733 -979.94456228688557076 8016.2940059911152275 14525
303000000 311.5741489166731526 13001.478218399812249 4318.9844063221626129 -2617.3435065043531722 -1067.9290762217369775 8004.2569890482536721 14527
304000000 310.42526054607782271 12953.536990998230976 4299.1445172804833419 -2754.2534564885572763 -1092.4884427203048745 8145.88641648934572 14530
305000000 314.45480603124167374 13121.683315196072726 4418.7449089296569582 -2694.480453407049481 -947.39668281827755436 8060.6220451549834252 14524
306000000 312.45992414913035873 13038.440166081390998 4448.9111344568063942 -2615.7605585020742183 -963.91984386469312085 8028.5915368235737333 14530
307000000 315.15937556590557733 13151.083846306022679 4213.0994433438518172 -2735.2595238819762926 -1012.3074729457644025 7960.6664401715934218 14528
308000000 309.66106496685500815 12921.648362842113784 4242.2771683221681087 -2639.4677685764804664 -1087.6455691582946201 7969.3905060569431953 14527
309000000 311.4381358499439898 12995.802616201601268 4357.6116955211600725 -2687.8149868207174222 -867.99472626099782246 7913.4214086028750899 14520
310000000 313.0077594235124252 13061.300433571213944 4321.5019205684193366 -2700.2194406906887707 -1014.2967236263640416 8036.01808488547249 14530
311000000 305.30078552764979349 12739.701053182208852 4345.4703709274854191 -2703.411939070486369 -999.39567568823451893 8048.2779856862071028 14529
312000000 310.8368147650576816 12970.710473562050538 4324.520099881789065 -2704.6806405987354083 -991.40880653625731611 8020.6095470167820167 14525
313000000 311.53337790727607626 12999.776911046614259 4252.2440410029048508 -2711.8223768376765292 -1019.048909076146515 7983.1153269167280087 14528
314000000 308.89962312166267111 12889.874643490660674 4251.8723326591461955 -2691.9680149982623334 -1050.1124007974590313 7993.9527484548671055 14530
315000000 311.38788484998099193 12993.705724390316391 4307.5300942148023751 -2737.3495283940847003 -1028.386278616303116 8073.2659012251897366 14538
316000000 305.64486190179127334 12754.058795952014407 4065.6845632725148789 -2740.264137180686248 -1150.8358493534828995 7956.7845498066835717 14535
317000000 312.52752966615594232 13041.261233426379476 4170.4256436754585593 -2717.6824833296277575 -1067.2926251901337764 7955.4007521952189563 14537
318000000 312.43419580439302763 13037.366564452819148 4070.4845501557711032 -2749.5264431249188419 -1162.3389368300779552 7982.3499301107685824 14538
319000000 306.54679695816838603 12791.695066581880383 4172.5514997254022092 -2781.025287774015851 -1082.4577647027226703 8036.0345522021407305 14537
320000000 310.55909736907091201 12959.121782114614689 4320.6065122198078825 -2759.9402298196400807 -1049.8197745751795082 8130.3665166146274714 14541
321000000 306.42335411868748452 12786.543999350184095 4294.0015382348065032 -2676.6506441323081162 -1053.4810820452312328 8024.1332644123467617 14540
322000000 310.70867906646617485 12965.3635810164742 4352.2621583392065077 -2714.0401212312153802 -874.07714446286411203 7940.379424033286341 14532
323000000 310.66355590111260199 12963.48066533322708 4360.2276746519401058 -2674.0374729129121079 -1070.2230781760090395 8104.4882257408607984 14534
324000000 310.60748515675396675 12961.140925133331621 4372.9008959856173533 -2652.2787932748497042 -938.42330847609741795 7963.602997736564248 14525
325000000 308.03409593258476207 12853.757613450279678 4336.6287433705565491 -2684.2021614602044792 -956.98356387552621527 7977.8144687062886078 14528
326000000 309.91029274454251663 12932.048229244030153 4214.9709618452225186 -2762.5201650397352751 -1093.6374847902927741 8071.1286116752507951 14537
327000000 311.34748749397550682 12992.020008980316561 4339.0461778112066895 -2678.4644551450719518 -1083.5098689153123814 8101.0205018715914775 14536
328000000 310.99728345649168659 12977.406568869278999 4243.5418057716597104 -2699.2627196506737164 -1085.57283753949946 8028.3773629618326595 14536
329000000 312.19459975714931943 13027.368614365223038 4258.2375108789565274 -2736.2000924311864765 -1051.7052123715739071 8046.1428156817164563 14539
330000000 308.94781689121401769 12891.885690450952097 4229.2610719836648059 -2657.5265373208958408 -1084.8364686198763138 7971.6240779244380974 14537
331000000 304.71896691285797942 12715.422716633504024 4307.5891860796118635 -2714.554697180770745 -1074.5381097304455125 8096.6819929908278937 14534
332000000 308.26600389994871421 12863.43475257379032 4311.4050376327895719 -2699.1400875357712721 -1031.3882099695401848 8041.9333351381001194 14534
333000000 311.50490971859238698 12998.588980223807084 4392.2874785235426316 -2637.7227367782620604 -910.40823304133664351 7940.4184483431408808 14536
334000000 310.4788979078708735 12955.775190134680088 4369.0590425563277677 -2672.7039583358828168 -1050.8740114516360791 8092.6370123438473456 14537
335000000 310.12452344666451154 12940.98772508165348 4227.3926692557397473 -2679.4044256109268645 -1104.5412414226004785 8011.3383362892673176 14541
336000000 308.98050389207134003 12893.249665386449124 4376.6155203358912331 -2706.6739117360148157 -983.79085108652043346 8067.0802831584260275 14534
337000000 309.58861317061627005 12918.625068213990744 4342.7450075361803101 -2625.589391111585428 -1055.5453473492511876 8023.8797459970173804 14540
338000000 309.34571506655015583 12908.489328710933478 4443.9155223618317905 -2640.9872627004247079 -1018.6002749837091415 8103.5030600459658672 14535
339000000 310.63884600679040204 12962.449561970106515 4413.4657782254125777 -2670.6880893553643546 -997.85608533217816785 8082.0099529129538496 14533
340000000 307.95795944308429171 12850.580562615647068 4289.0915094895435686 -2614.9194949435250237 -1058.8981994127454982 7962.9092038458147726 14533
341000000 307.39032497056200555 12826.894107060295937 4430.3340473514663245 -2682.3692242979645926 -930.44285147714833784 8043.1461231265793685 14532
342000000 309.84080349383924613 12929.148556782201922 4304.1103039993922721 -2680.7634937944130797 -1013.8913544294257463 7998.7651522232308707 14532
343000000 308.11244706669822335 12857.027077772352641 4313.0081089566056107 -2652.5748407747005331 -998.12495309495204765 7963.7079028262587599 14525
344000000 313.76407073758258548 13092.860064273574608 4387.9687873214461433 -2657.2034169465159721 -1025.2867306194846151 8070.4589348874460484 14528
345000000 308.27813961841906121 12863.941156201643025 4380.6392327115072476 -2619.6156776445104697 -1019.186840368274261 8019.441750724292433 14528
346000000 309.91969426866279491 12932.440539426035684 4345.3685946521163714 -2661.7196684238397211 -964.75765295140308808 7971.8459160273596353 14528
347000000 305.57126687051186309 12750.98779600067428 4343.7445443311844429 -2683.2194258623148926 -1052.1480999760658506 8079.1120701695654134 14530
348000000 309.00147018322007852 12894.124554329060629 4351.4544132099126728 -2698.6076893977547115 -959.01043610329031708 8009.072538710959634 14527
349000000 308.78794913359286056 12885.214671126137546 4226.3067340480083658 -2730.5241164659119022 -1152.549555258374312 8109.3804057722936705 14533
350000000 308.60013447590046098 12877.377473497341271 4341.0985641337119887 -2782.4585474445184445 -1039.6029513442063035 8163.1600629224358272 14536
351000000 310.03043533296516898 12937.0615824118413 4357.4187116101338688 -2752.8939473651280423 -981.99060769782090574 8092.3032666730814526 14522
352000000 310.11308811609728764 12940.510547492283877 4355.2691576319157321 -2799.5056537251043665 -939.79192097561156061 8094.5667323326306359 14528
353000000 310.96210161604483346 12975.938488369520201 4284.4194363147471449 -2738.4544525897690619 -976.51915284874974077 7999.3930417532656065 14530
354000000 308.47696635265282339 12872.237869723494441 4401.5931320092022361 -2665.0303276189779353 -945.63096671543166849 8012.2544263436120673 14531
355000000 309.53189806051261712 12916.258439688386716 4318.0744006818567868 -2753.6406309100366343 -1009.8970429101902937 8081.612074502084397 14533
356000000 309.85383301661346422 12929.692257397717185 4375.8799814983794931 -2747.9864007265564396 -989.21859304646159217 8113.0849752713966154 14524
357000000 315.37665308540863407 13160.150480835840426 4208.672790887143492 -2714.9176972784844111 -1088.4991706159457863 8012.0896587815732346 14538
358000000 309.5121970516055967 12915.436348898520009 4454.1468930804403499 -2647.44807705794301 -943.75061164413671122 8045.345581782521549 14521
359000000 308.45835745830123642 12871.4613510828367 4326.0279265797489643 -2651.4642500826621472 -1078.5322039772406697 8056.024380639652918 14531
360000000 307.44906001242321736 12829.345024025231396 4328.8191391347872923 -2650.6334180052035663 -930.77886316934620936 7910.231420309337409 14525
361000000 311.34214398116307621 12991.7970329546024 4277.5964472373361787 -2708.1280499957574648 -1027.6941843351530679 8013.4186815682460292 14521
362000000 307.95595377375286716 12850.496869323964347 4207.1077078571788661 -2674.7165703466771447 -1101.0459857004018431 7982.8702639042567171 14527
363000000 306.80341473449033174 12802.403305506401011 4239.5241672156862478 -2678.3804784392723377 -1054.8733316285267847 7972.7779772834855976 14533
364000000 307.71079158593414604 12840.266653319258694 4542.8316336046755168 -2643.4756275655031459 -888.5173398921849639 8074.8246010623624898 14528
365000000 309.6548525471472999 12921.389128756762148 4443.1740475322631028 -2679.0870271974026764 -1036.6766168706255939 8158.9376916002911457 14527
366000000 311.35329500361035571 12992.262346832423646 4187.3248776027821805 -2680.2066192239326483 -1059.7821150746199237 7927.3136119013342977 14527
367000000 309.83187588020922476 12928.776022107689641 4330.6820329312113245 -2700.2047551383907376 -938.67006133545510238 7969.5568494050567097 14523
368000000 310.51401905313701945 12957.240737924092173 4348.1415056078449197 -2710.6844477354070477 -1020.4432584517840041 8079.2692117950355168 14529
369000000 309.7317286864594621 12924.597043964929981 4432.3250242176163738 -2720.0011357451867298 -872.10959944424814694 8024.4357594070515916 14522
370000000 310.14603371352552585 12941.88531323855932 4406.9416558692901162 -2658.3473557191728105 -1052.9044926236379069 8118.1935042121003789 14527
371000000 313.11748643497026023 13065.879161794975516 4375.6251142683058788 -2678.4761374755676115 -939.01838380077856527 7993.1196355446518282 14527
372000000 311.84639882548492551 13012.838760574715707 4379.8135426300314066 -2701.1408865721723487 -941.24575153604109801 8022.2001807382448533 14520
373000000 312.31806484992500828 13032.520610190413208 4315.7139917411905117 -2719.8467659166426529 -902.41209928311377553 7937.9728569409471675 14518
374000000 311.71886023803392618 13007.516784497704066 4265.2542746751378218 -2755.2915911879317719 -978.38955158446810856 7998.9354174475383843 14516
375000000 309.47779160881310645 12914.000666199501211 4287.9922569068166922 -2696.9739091188966995 -994.43619469397970079 7979.4023607196932062 14519
376000000 311.92569642324360757 13016.147719272397808 4268.570980699329084 -2854.4758472568282741 -974.59524785726148366 8097.6420758134190692 14517
