# Fix print output for fix saveBond
401000000 372 375
402000000 737 741
403000000 1089 1095
404000000 1473 1479
405000000 1830 1835
406000000 2208 2212
407000000 2594 2598
408000000 2964 2969
409000000 3340 3344
410000000 3692 3698
411000000 4037 4041
412000000 4394 4399
413000000 4737 4741
414000000 5086 5094
415000000 5465 5471
416000000 5840 5843
417000000 6204 6205
418000000 6538 6540
419000000 6899 6900
420000000 7230 7234
421000000 7621 7623
422000000 8003 8005
423000000 8370 8374
424000000 8700 8706
425000000 9022 9027
426000000 9398 9403
427000000 9759 9767
428000000 10108 10115
429000000 10450 10461
430000000 10828 10832
431000000 11168 11170
432000000 11521 11523
433000000 11908 11910
434000000 12220 12221
435000000 12566 12567
436000000 12950 12949
437000000 13299 13298
438000000 13658 13657
439000000 14022 14025
440000000 14365 14369
441000000 14756 14756
442000000 15116 15115
443000000 15450 15450
444000000 15808 15812
445000000 16147 16154
446000000 16522 16528
447000000 16889 16897
448000000 17265 17272
449000000 17609 17616
450000000 17977 17983
451000000 18314 18318
452000000 18641 18646
453000000 18989 18993
454000000 19329 19333
455000000 19734 19734
456000000 20089 20087
457000000 20433 20432
458000000 20781 20779
459000000 21114 21113
460000000 21470 21473
461000000 21865 21864
462000000 22225 22225
463000000 22620 22623
464000000 23012 23016
465000000 23366 23370
466000000 23745 23747
467000000 24089 24095
468000000 24439 24443
469000000 24794 24795
470000000 25161 25165
471000000 25526 25530
472000000 25879 25883
473000000 26248 26252
474000000 26585 26591
475000000 26937 26937
476000000 27287 27290
477000000 27658 27659
478000000 28010 28009
479000000 28368 28369
480000000 28712 28715
481000000 29068 29067
482000000 29413 29413
483000000 29792 29794
484000000 30157 30156
485000000 30536 30541
486000000 30890 30892
487000000 31260 31260
488000000 31618 31618
489000000 31980 31979
490000000 32300 32301
491000000 32661 32664
492000000 33016 33018
493000000 33324 33330
494000000 33671 33675
495000000 34025 34028
496000000 34380 34379
497000000 34753 34757
498000000 35126 35127
499000000 35499 35501
500000000 35864 35863
