# Fix print output for fix saveBond
401000000 335 337
402000000 697 699
403000000 1037 1041
404000000 1385 1388
405000000 1747 1749
406000000 2111 2114
407000000 2462 2467
408000000 2840 2842
409000000 3154 3156
410000000 3492 3498
411000000 3857 3860
412000000 4232 4236
413000000 4595 4598
414000000 4970 4973
415000000 5330 5335
416000000 5661 5663
417000000 6006 6006
418000000 6371 6371
419000000 6744 6741
420000000 7089 7087
421000000 7461 7461
422000000 7800 7804
423000000 8163 8167
424000000 8498 8501
425000000 8849 8854
426000000 9229 9231
427000000 9603 9605
428000000 9969 9968
429000000 10318 10316
430000000 10669 10669
431000000 11049 11051
432000000 11416 11422
433000000 11773 11772
434000000 12146 12148
435000000 12502 12499
436000000 12867 12864
437000000 13224 13224
438000000 13584 13583
439000000 13928 13933
440000000 14313 14316
441000000 14665 14668
442000000 15025 15028
443000000 15353 15357
444000000 15716 15722
445000000 16084 16094
446000000 16442 16450
447000000 16782 16783
448000000 17108 17106
449000000 17448 17447
450000000 17822 17819
451000000 18179 18180
452000000 18545 18546
453000000 18913 18916
454000000 19279 19281
455000000 19606 19606
456000000 19936 19937
457000000 20281 20285
458000000 20656 20657
459000000 20997 20999
460000000 21351 21355
461000000 21726 21727
462000000 22078 22078
463000000 22420 22419
464000000 22755 22755
465000000 23109 23108
466000000 23490 23489
467000000 23830 23831
468000000 24186 24188
469000000 24574 24573
470000000 24915 24911
471000000 25269 25263
472000000 25602 25598
473000000 25966 25962
474000000 26355 26356
475000000 26705 26707
476000000 27086 27084
477000000 27433 27430
478000000 27760 27756
479000000 28099 28096
480000000 28482 28483
481000000 28838 28843
482000000 29202 29202
483000000 29583 29584
484000000 29945 29948
485000000 30290 30291
486000000 30660 30662
487000000 31025 31029
488000000 31410 31414
489000000 31752 31751
490000000 32096 32093
491000000 32457 32457
492000000 32800 32804
493000000 33188 33190
494000000 33570 33574
495000000 33919 33921
496000000 34250 34250
497000000 34583 34584
498000000 34957 34958
499000000 35327 35325
500000000 35684 35681
