# Fix print output for fix saveBond
401000000 377 378
402000000 754 755
403000000 1110 1111
404000000 1476 1475
405000000 1827 1828
406000000 2176 2174
407000000 2545 2546
408000000 2883 2884
409000000 3245 3250
410000000 3615 3622
411000000 3994 4001
412000000 4377 4381
413000000 4725 4726
414000000 5070 5074
415000000 5438 5439
416000000 5786 5789
417000000 6129 6136
418000000 6476 6479
419000000 6853 6850
420000000 7202 7199
421000000 7586 7582
422000000 7995 7992
423000000 8318 8320
424000000 8685 8683
425000000 9045 9045
426000000 9397 9397
427000000 9753 9757
428000000 10126 10123
429000000 10486 10487
430000000 10822 10820
431000000 11177 11175
432000000 11574 11575
433000000 11903 11902
434000000 12268 12269
435000000 12626 12629
436000000 13017 13017
437000000 13369 13372
438000000 13725 13726
439000000 14054 14058
440000000 14424 14428
441000000 14755 14761
442000000 15109 15112
443000000 15488 15493
444000000 15880 15884
445000000 16253 16255
446000000 16639 16641
447000000 17002 17003
448000000 17359 17361
449000000 17721 17723
450000000 18091 18093
451000000 18442 18446
452000000 18795 18798
453000000 19133 19137
454000000 19501 19507
455000000 19856 19863
456000000 20196 20200
457000000 20552 20557
458000000 20927 20929
459000000 21279 21283
460000000 21666 21671
461000000 22032 22039
462000000 22384 22388
463000000 22758 22760
464000000 23119 23126
465000000 23483 23486
466000000 23865 23870
467000000 24223 24226
468000000 24551 24553
469000000 24912 24915
470000000 25241 25242
471000000 25593 25600
472000000 25966 25976
473000000 26326 26337
474000000 26667 26674
475000000 26998 27005
476000000 27386 27396
477000000 27744 27750
478000000 28107 28115
479000000 28483 28488
480000000 28807 28815
481000000 29174 29181
482000000 29531 29535
483000000 29905 29912
484000000 30291 30299
485000000 30655 30659
486000000 31005 31009
487000000 31365 31370
488000000 31687 31690
489000000 32053 32055
490000000 32395 32399
491000000 32753 32757
492000000 33109 33115
493000000 33461 33471
494000000 33781 33786
495000000 34144 34151
496000000 34476 34483
497000000 34832 34838
498000000 35205 35211
499000000 35594 35605
500000000 35948 35957
