# Fix print output for fix saveBond
401000000 372 375
402000000 689 687
403000000 1021 1020
404000000 1387 1392
405000000 1724 1726
406000000 2073 2072
407000000 2391 2394
408000000 2792 2797
409000000 3137 3141
410000000 3474 3478
411000000 3808 3813
412000000 4174 4180
413000000 4513 4513
414000000 4878 4881
415000000 5204 5207
416000000 5551 5553
417000000 5887 5894
418000000 6238 6240
419000000 6618 6617
420000000 6967 6967
421000000 7331 7334
422000000 7690 7692
423000000 8057 8062
424000000 8394 8396
425000000 8778 8783
426000000 9115 9119
427000000 9458 9460
428000000 9821 9824
429000000 10176 10176
430000000 10537 10538
431000000 10884 10885
432000000 11247 11249
433000000 11558 11561
434000000 11909 11912
435000000 12233 12235
436000000 12604 12605
437000000 12931 12932
438000000 13288 13291
439000000 13650 13651
440000000 14037 14041
441000000 14413 14415
442000000 14799 14801
443000000 15170 15172
444000000 15509 15513
445000000 15873 15873
446000000 16222 16221
447000000 16564 16567
448000000 16920 16925
449000000 17288 17293
450000000 17649 17651
451000000 18035 18037
452000000 18377 18376
453000000 18739 18740
454000000 19091 19090
455000000 19458 19459
456000000 19852 19851
457000000 20184 20182
458000000 20519 20514
459000000 20872 20870
460000000 21245 21243
461000000 21614 21618
462000000 21966 21969
463000000 22316 22319
464000000 22681 22687
465000000 23027 23033
466000000 23395 23399
467000000 23777 23781
468000000 24133 24139
469000000 24477 24480
470000000 24804 24806
471000000 25169 25170
472000000 25524 25531
473000000 25851 25858
474000000 26207 26214
475000000 26561 26567
476000000 26891 26896
477000000 27249 27255
478000000 27651 27658
479000000 28025 28034
480000000 28387 28390
481000000 28764 28771
482000000 29145 29155
483000000 29518 29525
484000000 29863 29869
485000000 30220 30226
486000000 30569 30574
487000000 30894 30899
488000000 31264 31271
489000000 31616 31622
490000000 31963 31965
491000000 32284 32286
492000000 32628 32632
493000000 32980 32984
494000000 33341 33343
495000000 33711 33712
496000000 34076 34077
497000000 34438 34441
498000000 34772 34773
499000000 35142 35144
500000000 35484 35488
