# Fix print output for fix saveBond
401000000 363 361
402000000 739 737
403000000 1122 1119
404000000 1491 1488
405000000 1807 1805
406000000 2161 2160
407000000 2518 2519
408000000 2844 2845
409000000 3215 3215
410000000 3543 3546
411000000 3920 3921
412000000 4248 4247
413000000 4622 4624
414000000 4979 4981
415000000 5338 5336
416000000 5676 5680
417000000 6019 6022
418000000 6372 6373
419000000 6734 6738
420000000 7101 7107
421000000 7438 7444
422000000 7787 7792
423000000 8113 8119
424000000 8505 8512
425000000 8839 8844
426000000 9173 9180
427000000 9541 9544
428000000 9888 9892
429000000 10251 10255
430000000 10614 10619
431000000 10956 10961
432000000 11285 11293
433000000 11627 11634
434000000 11985 11992
435000000 12322 12325
436000000 12677 12683
437000000 13060 13060
438000000 13422 13425
439000000 13756 13762
440000000 14109 14114
441000000 14479 14485
442000000 14837 14845
443000000 15178 15185
444000000 15527 15536
445000000 15852 15859
446000000 16200 16204
447000000 16557 16559
448000000 16907 16910
449000000 17242 17246
450000000 17595 17601
451000000 17952 17956
452000000 18294 18299
453000000 18637 18639
454000000 19014 19021
455000000 19356 19359
456000000 19685 19687
457000000 20057 20062
458000000 20373 20376
459000000 20728 20734
460000000 21078 21084
461000000 21416 21423
462000000 21751 21757
463000000 22134 22138
464000000 22526 22530
465000000 22855 22860
466000000 23200 23199
467000000 23538 23540
468000000 23896 23903
469000000 24259 24266
470000000 24622 24629
471000000 24940 24944
472000000 25272 25277
473000000 25627 25632
474000000 25978 25985
475000000 26297 26301
476000000 26688 26696
477000000 27047 27054
478000000 27409 27412
479000000 27769 27773
480000000 28133 28139
481000000 28469 28472
482000000 28830 28834
483000000 29169 29175
484000000 29509 29516
485000000 29852 29855
486000000 30188 30195
487000000 30536 30541
488000000 30901 30902
489000000 31245 31246
490000000 31612 31613
491000000 31982 31984
492000000 32296 32300
493000000 32647 32650
494000000 33000 33005
495000000 33335 33339
496000000 33655 33663
497000000 34008 34013
498000000 34387 34388
499000000 34744 34747
500000000 35120 35124
