# Fix print output for fix saveBond
401000000 377 379
402000000 739 742
403000000 1088 1091
404000000 1442 1443
405000000 1813 1812
406000000 2142 2144
407000000 2491 2497
408000000 2862 2866
409000000 3218 3222
410000000 3567 3573
411000000 3926 3931
412000000 4262 4266
413000000 4614 4615
414000000 5005 5009
415000000 5358 5359
416000000 5685 5687
417000000 6033 6038
418000000 6398 6402
419000000 6733 6735
420000000 7091 7096
421000000 7433 7441
422000000 7818 7820
423000000 8167 8168
424000000 8509 8510
425000000 8865 8865
426000000 9261 9259
427000000 9634 9629
428000000 10017 10014
429000000 10386 10387
430000000 10718 10720
431000000 11044 11047
432000000 11370 11371
433000000 11706 11711
434000000 12101 12106
435000000 12480 12489
436000000 12863 12866
437000000 13227 13230
438000000 13586 13587
439000000 13938 13936
440000000 14300 14297
441000000 14682 14679
442000000 15041 15037
443000000 15392 15391
444000000 15730 15731
445000000 16118 16115
446000000 16467 16468
447000000 16810 16812
448000000 17215 17213
449000000 17573 17570
450000000 17904 17903
451000000 18265 18266
452000000 18624 18623
453000000 18963 18965
454000000 19310 19316
455000000 19675 19680
456000000 20046 20054
457000000 20374 20375
458000000 20713 20717
459000000 21062 21065
460000000 21413 21416
461000000 21787 21786
462000000 22098 22097
463000000 22438 22441
464000000 22768 22771
465000000 23149 23150
466000000 23498 23497
467000000 23876 23877
468000000 24255 24253
469000000 24603 24603
470000000 24972 24972
471000000 25332 25334
472000000 25723 25723
473000000 26049 26054
474000000 26385 26385
475000000 26718 26718
476000000 27092 27091
477000000 27476 27477
478000000 27848 27854
479000000 28194 28195
480000000 28534 28535
481000000 28909 28912
482000000 29283 29283
483000000 29649 29648
484000000 30031 30028
485000000 30382 30377
486000000 30739 30737
487000000 31106 31106
488000000 31483 31482
489000000 31828 31833
490000000 32216 32219
491000000 32585 32590
492000000 32928 32932
493000000 33296 33301
494000000 33601 33608
495000000 33961 33965
496000000 34324 34329
497000000 34700 34702
498000000 35057 35058
499000000 35434 35437
500000000 35807 35810
