# Fix print output for fix saveBond
401000000 356 356
402000000 737 735
403000000 1120 1119
404000000 1465 1464
405000000 1800 1806
406000000 2194 2197
407000000 2566 2570
408000000 2936 2938
409000000 3300 3305
410000000 3615 3620
411000000 3968 3969
412000000 4321 4324
413000000 4692 4690
414000000 5052 5055
415000000 5405 5406
416000000 5742 5747
417000000 6120 6125
418000000 6465 6471
419000000 6842 6846
420000000 7225 7227
421000000 7588 7588
422000000 7945 7944
423000000 8304 8306
424000000 8655 8656
425000000 8994 8996
426000000 9344 9347
427000000 9721 9721
428000000 10087 10088
429000000 10451 10451
430000000 10823 10820
431000000 11180 11180
432000000 11544 11541
433000000 11913 11911
434000000 12305 12304
435000000 12658 12654
436000000 12999 12998
437000000 13357 13356
438000000 13712 13713
439000000 14035 14035
440000000 14368 14366
441000000 14722 14724
442000000 15056 15057
443000000 15421 15420
444000000 15790 15791
445000000 16144 16147
446000000 16503 16505
447000000 16883 16884
448000000 17255 17259
449000000 17636 17637
450000000 17952 17955
451000000 18328 18326
452000000 18719 18717
453000000 19095 19092
454000000 19452 19449
455000000 19832 19832
456000000 20211 20207
457000000 20521 20522
458000000 20830 20829
459000000 21198 21198
460000000 21594 21599
461000000 21957 21958
462000000 22316 22322
463000000 22674 22683
464000000 22985 22991
465000000 23340 23345
466000000 23670 23674
467000000 24026 24027
468000000 24367 24367
469000000 24733 24732
470000000 25115 25110
471000000 25496 25494
472000000 25873 25876
473000000 26269 26275
474000000 26636 26644
475000000 26982 26985
476000000 27345 27351
477000000 27709 27711
478000000 28050 28051
479000000 28430 28430
480000000 28787 28788
481000000 29151 29153
482000000 29502 29503
483000000 29880 29880
484000000 30250 30252
485000000 30598 30603
486000000 30950 30952
487000000 31317 31320
488000000 31707 31714
489000000 32062 32064
490000000 32419 32422
491000000 32758 32757
492000000 33135 33135
493000000 33476 33478
494000000 33839 33841
495000000 34194 34197
496000000 34536 34537
497000000 34928 34928
498000000 35320 35324
499000000 35713 35717
500000000 36071 36077
