# Fix print output for fix saveBond
401000000 353 355
402000000 695 695
403000000 1040 1043
404000000 1388 1390
405000000 1732 1734
406000000 2124 2125
407000000 2490 2492
408000000 2783 2786
409000000 3157 3158
410000000 3529 3527
411000000 3864 3860
412000000 4215 4213
413000000 4640 4641
414000000 5000 5000
415000000 5346 5346
416000000 5694 5695
417000000 6009 6009
418000000 6376 6375
419000000 6755 6754
420000000 7099 7100
421000000 7436 7435
422000000 7773 7774
423000000 8123 8120
424000000 8477 8476
425000000 8847 8844
426000000 9223 9220
427000000 9560 9559
428000000 9900 9901
429000000 10267 10267
430000000 10608 10609
431000000 10941 10941
432000000 11292 11293
433000000 11665 11668
434000000 12009 12012
435000000 12416 12418
436000000 12795 12798
437000000 13184 13186
438000000 13530 13536
439000000 13871 13877
440000000 14269 14277
441000000 14637 14640
442000000 14954 14958
443000000 15325 15330
444000000 15681 15686
445000000 16079 16088
446000000 16443 16449
447000000 16788 16789
448000000 17173 17175
449000000 17544 17545
450000000 17887 17890
451000000 18227 18232
452000000 18600 18603
453000000 18935 18939
454000000 19328 19332
455000000 19712 19713
456000000 20077 20079
457000000 20432 20434
458000000 20806 20807
459000000 21141 21140
460000000 21470 21472
461000000 21813 21816
462000000 22151 22152
463000000 22507 22508
464000000 22847 22850
465000000 23192 23195
466000000 23574 23577
467000000 23936 23938
468000000 24281 24280
469000000 24633 24630
470000000 24976 24978
471000000 25334 25336
472000000 25691 25695
473000000 26046 26048
474000000 26397 26398
475000000 26760 26763
476000000 27099 27105
477000000 27458 27463
478000000 27813 27821
479000000 28181 28182
480000000 28534 28541
481000000 28899 28900
482000000 29268 29267
483000000 29649 29647
484000000 29989 29991
485000000 30385 30387
486000000 30741 30742
487000000 31089 31094
488000000 31483 31480
489000000 31832 31829
490000000 32193 32193
491000000 32553 32557
492000000 32909 32913
493000000 33239 33242
494000000 33598 33601
495000000 33960 33961
496000000 34354 34358
497000000 34729 34732
498000000 35067 35072
499000000 35437 35438
500000000 35822 35824
