# Fix print output for fix saveBond
401000000 375 376
402000000 732 731
403000000 1065 1065
404000000 1406 1410
405000000 1782 1783
406000000 2129 2128
407000000 2458 2459
408000000 2783 2785
409000000 3128 3131
410000000 3463 3466
411000000 3852 3854
412000000 4242 4240
413000000 4607 4606
414000000 4939 4943
415000000 5321 5322
416000000 5657 5658
417000000 6020 6021
418000000 6402 6404
419000000 6725 6726
420000000 7093 7098
421000000 7440 7444
422000000 7818 7817
423000000 8163 8165
424000000 8489 8488
425000000 8872 8872
426000000 9232 9233
427000000 9574 9575
428000000 9920 9919
429000000 10296 10295
430000000 10668 10664
431000000 11038 11038
432000000 11392 11393
433000000 11739 11741
434000000 12116 12120
435000000 12474 12471
436000000 12851 12853
437000000 13215 13219
438000000 13561 13563
439000000 13927 13926
440000000 14284 14284
441000000 14633 14637
442000000 14969 14972
443000000 15331 15334
444000000 15679 15677
445000000 16021 16022
446000000 16370 16372
447000000 16727 16728
448000000 17096 17097
449000000 17444 17445
450000000 17769 17771
451000000 18114 18111
452000000 18480 18477
453000000 18838 18839
454000000 19196 19194
455000000 19525 19527
456000000 19877 19878
457000000 20240 20245
458000000 20603 20604
459000000 20959 20962
460000000 21310 21314
461000000 21627 21628
462000000 21967 21965
463000000 22316 22315
464000000 22681 22680
465000000 23053 23055
466000000 23395 23404
467000000 23767 23771
468000000 24098 24098
469000000 24458 24457
470000000 24825 24826
471000000 25184 25185
472000000 25532 25538
473000000 25901 25899
474000000 26263 26263
475000000 26597 26595
476000000 26987 26988
477000000 27339 27338
478000000 27650 27648
479000000 28018 28020
480000000 28366 28366
481000000 28735 28730
482000000 29076 29074
483000000 29423 29425
484000000 29768 29769
485000000 30168 30166
486000000 30511 30513
487000000 30871 30870
488000000 31209 31211
489000000 31582 31585
490000000 31954 31955
491000000 32353 32352
492000000 32682 32685
493000000 33030 33035
494000000 33379 33380
495000000 33737 33738
496000000 34075 34079
497000000 34450 34450
498000000 34845 34846
499000000 35214 35216
500000000 35551 35555
