# Fix print output for fix saveBond
401000000 362 362
402000000 703 704
403000000 1055 1057
404000000 1400 1401
405000000 1740 1743
406000000 2089 2093
407000000 2423 2424
408000000 2762 2763
409000000 3110 3111
410000000 3452 3455
411000000 3812 3812
412000000 4150 4150
413000000 4537 4541
414000000 4893 4895
415000000 5256 5257
416000000 5651 5649
417000000 6014 6012
418000000 6355 6353
419000000 6720 6719
420000000 7077 7079
421000000 7413 7414
422000000 7806 7807
423000000 8179 8180
424000000 8537 8537
425000000 8911 8910
426000000 9249 9253
427000000 9581 9585
428000000 9944 9947
429000000 10304 10305
430000000 10669 10670
431000000 11059 11064
432000000 11411 11415
433000000 11784 11788
434000000 12130 12136
435000000 12487 12491
436000000 12855 12861
437000000 13205 13210
438000000 13567 13570
439000000 13923 13925
440000000 14264 14268
441000000 14597 14602
442000000 14956 14962
443000000 15318 15329
444000000 15684 15694
445000000 16029 16039
446000000 16391 16399
447000000 16744 16749
448000000 17068 17076
449000000 17444 17449
450000000 17808 17813
451000000 18160 18165
452000000 18517 18524
453000000 18868 18872
454000000 19204 19207
455000000 19618 19622
456000000 19977 19981
457000000 20333 20337
458000000 20683 20691
459000000 21004 21011
460000000 21333 21339
461000000 21676 21685
462000000 22045 22052
463000000 22422 22429
464000000 22780 22783
465000000 23113 23121
466000000 23483 23491
467000000 23827 23834
468000000 24188 24194
469000000 24524 24528
470000000 24905 24909
471000000 25236 25242
472000000 25591 25595
473000000 25931 25934
474000000 26276 26279
475000000 26663 26664
476000000 27025 27026
477000000 27376 27379
478000000 27733 27734
479000000 28066 28067
480000000 28443 28447
481000000 28775 28780
482000000 29116 29118
483000000 29476 29478
484000000 29826 29823
485000000 30181 30182
486000000 30541 30544
487000000 30866 30874
488000000 31213 31214
489000000 31560 31567
490000000 31892 31893
491000000 32229 32229
492000000 32576 32575
493000000 32940 32940
494000000 33291 33290
495000000 33623 33621
496000000 33986 33984
497000000 34338 34339
498000000 34689 34687
499000000 35056 35060
500000000 35427 35427
