# Steps Temp KinEng PotEng Epair Ebond Eangle Bonds
401000000 310.50519646278883101 6477.9735143443431298 -1397.9418827167789914 -4931.7946833036512544 -585.26806009728659319 4119.1208606841582878 7280
402000000 305.87814979321780129 6381.4408761902232072 -1443.9148080590082373 -4997.3601103230794251 -639.90226358072209223 4193.3475658447932801 7285
403000000 309.45048572048392543 6455.9694115731863349 -1405.77328285537601 -4834.3860922206476971 -645.73620991325515206 4074.3490192785266117 7284
404000000 309.22454568548596399 6451.2556947683779072 -1243.0017556242130468 -4780.6118133485788348 -586.23769761562448366 4123.847755339989817 7278
405000000 308.62695970287308 6438.7884439396993912 -1390.0790079416176468 -4921.066196705341099 -611.36223512814376591 4142.349423891866536 7281
406000000 311.96106899249951994 6508.3469309414394957 -1346.932610624484596 -4834.6025767360279133 -641.51442523051196076 4129.1843913420543686 7284
407000000 313.4497127787370232 6539.4040440892877086 -1362.668778306663171 -4908.9258305617549922 -588.17261841310551063 4134.4296706681971045 7280
408000000 316.15125309258354491 6595.7654409367269182 -1286.6531416002053447 -4820.3142535292718094 -565.50952365240380004 4099.1706355814712879 7278
409000000 308.85996898115479325 6443.6496441724184479 -1186.9928788327406437 -4817.2469352899834121 -578.59849331986572452 4208.8525497771079245 7279
410000000 316.31031401512160528 6599.0838795815761841 -1308.7673858977741475 -4878.5130141707250004 -640.25628281020465238 4210.0019110831544822 7279
411000000 303.9756992070143724 6341.7506402451654139 -1386.7125545535577658 -4890.8210232926712706 -645.90470026830791994 4150.0131690074213111 7278
412000000 312.68060475842253254 6523.358382238780905 -1273.3645828136241107 -4981.5743009422130854 -546.50911641041682287 4254.7188345390059112 7277
413000000 310.99877963355527299 6488.2709867981875504 -1449.7394824672473987 -5034.9796733332277654 -600.32943110431301648 4185.5696219702940652 7283
414000000 304.36791953477325023 6349.9334111744565234 -1365.9163270125588951 -4936.77225416472902 -604.80501923137444464 4175.6609463835438874 7280
415000000 311.3977597625265048 6496.5947853615234635 -1226.9476973809678384 -4937.9105954046663101 -560.11287798273747285 4271.0757760064361719 7280
416000000 309.4276377403624565 6455.4927412572969843 -1394.3416441259273597 -5034.4950987055617588 -648.47995281004750723 4288.6334073896814516 7281
417000000 314.08774025407001318 6552.7150132251181276 -1346.6167820740106436 -4876.2901926968506814 -640.63865738258698457 4170.3120680054271361 7276
418000000 308.56599015015518717 6437.5164550899562528 -1313.5168609996171654 -4756.6495458462286479 -671.0092940209799508 4114.1419788675912059 7281
419000000 307.73812093800114553 6420.2448767371033682 -1240.0537580374564186 -4854.8670046985953377 -606.80534517099795266 4221.6185918321361896 7284
420000000 308.38980837874004237 6433.8408294903238129 -1298.1347959065465147 -4922.1016257895844319 -594.78399161290224129 4218.7508214959398174 7283
421000000 310.32879077934990164 6474.2932173376739229 -1310.0848329754326187 -4887.5169796164282161 -559.88356313170584144 4137.3157097727016662 7280
422000000 308.55858574151568519 6437.3619792112840514 -1411.0363686427463108 -4939.1096851594793407 -598.26467022361555337 4126.3379867403491517 7281
423000000 317.00985710004863449 6613.6782297822282999 -1318.0213756556249791 -4958.523209566935293 -577.42338587580229614 4217.9252197871119279 7278
424000000 309.22928441677515821 6451.354557448077685 -1429.6893965215294884 -4982.942470358601895 -590.06710492159709247 4143.3201787586694991 7281
425000000 308.99636264397275909 6446.4951828150069559 -1178.8201907091754492 -4852.1072275490496395 -548.34103437627254607 4221.6280712161469637 7278
426000000 310.61187465033339095 6480.1991082517697578 -1370.1574771222876734 -4935.6791425273895584 -562.801931311381054 4128.3235967164819158 7279
427000000 309.47088211597252894 6456.394935239998631 -1342.9241632112689331 -4895.5351030520150744 -667.42275769866660085 4220.0336975394129695 7281
428000000 310.88925080444653304 6485.9859208408179256 -1364.7168869470435766 -4958.4130106262318805 -560.51404399619673313 4154.2101676753854917 7280
429000000 304.59147720738377529 6354.5974254924030902 -1263.9505935213455814 -4885.6855478987081369 -601.03450093288756761 4222.7694553102501231 7283
430000000 311.8039526857465944 6505.0690622119891486 -1271.57733918536087 -4865.6004061323365022 -603.89002866287194138 4197.9130956098479146 7282
431000000 309.47471259937151444 6456.4748494259392828 -1199.3849608970956524 -4889.3348734972532839 -514.8225986387571993 4204.772511238914376 7282
432000000 303.4718080392384536 6331.2381152499337986 -1164.8193203641096716 -4816.6635876245018153 -535.59740232772583113 4187.4416695881182022 7281
433000000 307.29508581957014712 6411.0019726059827008 -1352.2792062650239586 -4863.8881864935719932 -584.920892207328734 4096.5298724358772233 7280
434000000 309.98317638296748555 6467.082771485410376 -1360.41116108335018 -4904.674558834214622 -667.19062301997746545 4211.4540207708414528 7280
435000000 305.30800678774158996 6369.5461596735995045 -1294.8242607481570303 -4892.2833448351166226 -561.91441938679577106 4159.3735034737565002 7281
436000000 305.93604855657122243 6382.6488001148127296 -1336.9134102964976591 -4867.6162938884863252 -630.2676094623118388 4160.9704930543011869 7282
437000000 309.98550109439520384 6467.131271218197071 -1345.0112299010095285 -4877.9374324968375731 -575.51919257755150738 4108.4453951733794383 7282
438000000 309.76326727302671316 6462.4948759977096415 -1517.8648792471356046 -4995.3550574422233694 -620.30140593730754972 4097.7915841323956556 7280
439000000 307.55902888639394632 6416.5085348653501569 -1334.7941701092177027 -4936.1467121878340549 -617.51137564568500693 4218.863917724302155 7282
440000000 306.48155678763896503 6394.0295689810664044 -1289.3965518863992656 -4859.3191887648572447 -613.65084093341010885 4183.5734778118676331 7279
441000000 309.25144220354343361 6451.8168284743169352 -1324.8399901187424348 -4854.1155793963444012 -626.22363197983088412 4155.4992212574334189 7281
442000000 314.80622930232118506 6567.7046271766366772 -1373.5157097856342716 -4850.4444599577273038 -633.58677398878012355 4110.5155241608736105 7281
443000000 310.72604442037851413 6482.5809967190689349 -1490.8716389797132251 -4932.2190671456646669 -651.94254183139537417 4093.2899699973468159 7281
444000000 308.4669398205172115 6435.4499988138895787 -1317.001616841343548 -4849.075836196401724 -575.924941204649258 4107.9991605597078888 7279
445000000 311.10092701906637558 6490.4020559894233884 -1322.6354347141445942 -4742.3410194545322156 -654.00424721480987955 4073.7098319551969325 7283
446000000 310.41195099070068864 6476.0281630091621992 -1446.6269112027684969 -4948.1593360871293044 -677.70603716577534215 4179.2384620501361496 7284
447000000 305.59769536394526313 6375.5898425022069205 -1396.1229467723042035 -4956.2630143284231963 -554.05149151348837222 4114.1915590696071376 7280
448000000 307.34442728860062743 6412.0313683558106277 -1279.0874346775410686 -4830.9382232754942379 -599.4539161091531696 4151.3047047071058842 7278
449000000 312.51261015635486729 6519.8535630114556625 -1324.7463462403700305 -4874.9295597258060297 -587.73667912926237022 4137.9198926146982558 7278
450000000 314.55809165912035041 6562.5278085633626688 -1422.204881247934054 -4925.581443430037325 -600.71745847341958324 4104.0940206555223995 7281
451000000 311.94697052444149676 6508.0527989793554298 -1313.0094990694683474 -4892.2123393266110725 -558.25110386948176711 4137.4539441266242648 7281
452000000 313.13866282141287911 6532.9147053982196667 -1397.4762263214993254 -4810.6640599116708472 -682.92901999730997886 4096.1168535874803638 7284
453000000 310.93985072423765814 6487.0415712581661865 -1465.1542405521822729 -4925.2630806278730233 -623.66267698890567317 4083.7715170645960825 7282
454000000 309.14892818526828933 6449.6781103375496969 -1310.5529198732374425 -4909.4281118770750254 -587.87647336033569445 4186.7516653641732773 7284
455000000 306.10269512119180035 6386.1254956553912052 -1397.5518043673869215 -4972.2623980579382987 -627.28651789484729306 4201.9971115853986703 7282
456000000 308.84677903034736346 6443.3744663236757333 -1314.488619197690241 -4893.516315026866323 -575.10536161906316011 4154.1330574482390148 7284
457000000 308.15766163049801207 6428.9976239540410461 -1581.8517276087009122 -5068.9124668970061975 -640.67994702048440558 4127.7406863087899183 7285
458000000 307.32081607788506972 6411.5387749969895594 -1397.1447062367783474 -4904.3236586177063145 -608.22148915002389913 4115.4004415309518663 7288
459000000 311.88492181802598679 6506.7582960810532313 -1420.0627917617975982 -4920.058418953481123 -631.16428043033010908 4131.159907622013634 7285
460000000 309.59649593817312052 6459.0155774144959651 -1335.5966017261841898 -4936.6358636864461005 -566.15108739783647707 4167.1903493580994109 7285
461000000 309.83170820002169421 6463.9227378094319647 -1425.6945889600688133 -4985.9000978149988441 -609.66194554885805701 4169.8674544037876331 7279
462000000 315.59266081651446711 6584.1117037016838367 -1317.8033764919764508 -4850.9380815829426865 -602.91303912978582957 4136.0477442207520653 7280
463000000 312.00749948632198993 6509.3155959192436057 -1246.2430430192048334 -4869.888124067652825 -586.72570429973029604 4210.3707853481791972 7280
464000000 309.63870948114993098 6459.8962654560027659 -1267.4526671496655581 -4932.3816437850800867 -585.78449100288639784 4250.7134676383011538 7277
465000000 309.54294850839664832 6457.8984340114075167 -1330.7558358860192129 -4972.9131119839612438 -481.957454308653098 4124.1147304065943899 7277
466000000 306.87421899567141281 6402.2215587213186154 -1198.9413418586946136 -4881.4425970182010133 -518.80644842688218432 4201.307703586388925 7279
467000000 309.09201780528019299 6448.4908067482574552 -1344.4315366196724426 -4927.7183937320205587 -600.38114707087027 4183.6680041832187271 7279
468000000 302.14633447473352135 6303.5851717802561325 -1461.3851201811421561 -4911.3598940561641939 -597.68613071171125739 4047.6609045867330678 7277
469000000 310.66509340551380092 6481.309394618801889 -1409.5821066449434511 -4927.2619640511784382 -650.1533815319032783 4167.8332389381384928 7280
470000000 307.01690831086904154 6405.1984416049544961 -1364.2287882278515099 -4937.2006097989533373 -614.66023767232843511 4187.6320592434303762 7281
471000000 308.36788786875831647 6433.3835086960179979 -1473.8566745267294209 -4981.2886053439005991 -643.42675292737499149 4150.8586837445463971 7282
472000000 315.47956563316660095 6581.7522340030336636 -1313.7380943072396349 -4888.8791162456491293 -557.48082716880355747 4132.6218491072122561 7276
473000000 314.32678822878932579 6557.7021969068409817 -1378.7656012532524983 -4920.743070462198375 -586.52468425871245472 4128.5021534676588999 7276
474000000 310.67292028464981968 6481.4726843682828985 -1236.2683429690782759 -4908.4087548867146324 -565.28517182470591251 4237.4255837423424964 7276
475000000 312.44979500811245998 6518.543070075268588 -1386.7019082577389781 -4917.3004925748191454 -623.99406436747813132 4154.5926486845582986 7277
476000000 312.01422624246839632 6509.4559341443373341 -1318.2431948335438392 -4976.9840269880205597 -589.58528185422665047 4248.3261140087033709 7278
477000000 309.77297901190723906 6462.6974889908669866 -1446.8794878135392992 -5006.2250222003867748 -626.0534300172228086 4185.3989644040702842 7277
478000000 312.65884740793819674 6522.9044653904147708 -1288.1970373086971904 -4919.4331687556586985 -580.30493741424015752 4211.541068861201893 7276
479000000 309.12984100844056456 6449.279900493198511 -1300.5091594018872456 -4903.9164377942706778 -575.81833240632693105 4179.225610798710477 7274
480000000 311.64205983530627009 6501.691541934515044 -1263.183902419885726 -4908.287894547615906 -557.80711419119313632 4202.9111063189229753 7280
481000000 313.40829878755062055 6538.5400368485561557 -1284.7206668959456692 -4862.9677144646211673 -561.12062482059866397 4139.3676723892749578 7276
482000000 311.33960186429106898 6495.3814551863415545 -1321.419982409697468 -4877.5863653377218725 -566.7538970420367832 4122.9202799700606192 7273
483000000 305.77229813505448419 6379.2325259086728693 -1424.9685062137575642 -5013.6931459508432454 -606.72956449898060782 4195.454204236066289 7276
484000000 303.08807961569613099 6323.2325082819152158 -1295.9266183357849513 -4851.4707782076002331 -586.35537964891841511 4141.8995395207348338 7277
485000000 308.44617662831541338 6435.0168227811254837 -1313.0426923086445186 -4904.8193507770683937 -539.90335964489327125 4131.6800181133157821 7277
486000000 308.87020368462538045 6443.8631676134591544 -1379.657072102756274 -4907.4548011961278462 -558.35280492837091515 4086.1505340217418052 7278
487000000 312.64193602080734991 6522.5516483710134708 -1351.9068911026133719 -4902.7858015614629039 -631.01203793993113322 4181.8909483987808926 7278
488000000 311.58953644885070844 6500.5957628293062953 -1332.1537598020331643 -4898.4287621480525559 -599.95710669763514034 4166.2321090436544182 7276
489000000 310.90402135837200603 6486.2940743216977353 -1404.4609180480713349 -4872.3783021810922946 -595.13707260526746268 4063.0544567382876266 7277
490000000 306.61684739620795881 6396.8520949453122739 -1388.5244525778716707 -4951.7539075094855434 -572.47181092872733643 4135.7012658603407544 7281
491000000 309.85152197209060887 6464.3361063847214609 -1403.8480475024334737 -4968.1012600926560481 -567.40503337233099046 4131.6582459625533374 7281
492000000 308.3492129853990491 6432.9939004022990048 -1358.6550826044699534 -4939.3171725708834856 -557.20664055879876742 4137.8687305252115038 7279
493000000 306.94762656633741926 6403.7530380780053747 -1261.8749766988898955 -4833.3943933584914703 -595.98942304806405446 4167.5088397076651745 7279
494000000 308.39070950692564566 6433.8596294478957134 -1462.4144154698988132 -4948.3303163212349318 -621.24512694792656475 4107.1610277992622287 7281
495000000 312.26770134367785658 6514.7441064869781258 -1437.9643890214929343 -5015.5352405923895276 -587.62837745488843666 4165.1992290257858258 7282
496000000 307.27329711593733919 6410.5474016466132525 -1555.0731310660003146 -4988.4396556985529969 -650.19747963100712695 4083.5640042635595819 7282
497000000 312.28737479837366209 6515.1545476644741939 -1491.4220432835957126 -4991.3283934582404981 -605.07781370066243198 4104.9841638753077859 7280
498000000 313.41404037759104995 6538.6598218590352189 -1501.9801802895758556 -5029.845882377214366 -619.79763052010412139 4147.6633326077435413 7282
499000000 309.15490882504627734 6449.8028825684878029 -1526.6472412298353447 -5014.5205185881359284 -662.67366504442338737 4150.546942402723289 7281
500000000 301.78325455902961494 6296.0103482207341585 -1525.0793328610852768 -4999.2484178031909323 -622.4683960313705029 4096.6374809734761584 7279
