4.590e+02
4.620e+02
4.610e+02
4.610e+02
4.540e+02
4.570e+02
4.580e+02
4.570e+02
4.570e+02
4.600e+02
4.570e+02
4.620e+02
4.650e+02
4.600e+02
4.570e+02
4.570e+02
4.600e+02
4.630e+02
4.620e+02
4.560e+02
4.570e+02
4.600e+02
4.590e+02
4.540e+02
4.620e+02
4.580e+02
4.560e+02
4.640e+02
4.630e+02
4.610e+02
4.620e+02
4.680e+02
4.590e+02
4.620e+02
4.670e+02
4.650e+02
4.680e+02
4.690e+02
4.650e+02
4.630e+02
4.630e+02
4.620e+02
4.600e+02
4.580e+02
4.620e+02
4.660e+02
4.630e+02
4.610e+02
4.620e+02
4.570e+02
4.510e+02
4.550e+02
4.550e+02
4.580e+02
4.600e+02
4.650e+02
4.650e+02
4.600e+02
4.560e+02
4.620e+02
4.610e+02
4.630e+02
4.650e+02
4.590e+02
4.610e+02
4.560e+02
4.620e+02
4.560e+02
4.520e+02
4.550e+02
4.540e+02
4.640e+02
4.600e+02
4.550e+02
4.610e+02
4.610e+02
4.640e+02
4.600e+02
4.600e+02
4.580e+02
4.590e+02
4.540e+02
4.550e+02
4.560e+02
4.560e+02
4.570e+02
4.540e+02
4.500e+02
4.540e+02
4.520e+02
4.560e+02
4.580e+02
4.540e+02
4.620e+02
4.640e+02
4.690e+02
4.680e+02
4.650e+02
4.670e+02
4.650e+02
4.600e+02
4.590e+02
4.590e+02
4.610e+02
4.600e+02
4.600e+02
4.630e+02
4.580e+02
4.660e+02
4.640e+02
4.640e+02
4.570e+02
4.590e+02
4.610e+02
4.550e+02
4.600e+02
4.620e+02
4.610e+02
4.580e+02
4.660e+02
4.660e+02
4.630e+02
4.600e+02
4.590e+02
4.600e+02
4.600e+02
4.580e+02
4.620e+02
4.620e+02
4.580e+02
4.580e+02
4.610e+02
4.580e+02
4.600e+02
4.580e+02
4.580e+02
4.570e+02
4.610e+02
4.650e+02
4.670e+02
4.640e+02
4.660e+02
4.660e+02
4.610e+02
4.700e+02
4.650e+02
4.640e+02
4.630e+02
4.650e+02
4.680e+02
4.680e+02
4.610e+02
4.590e+02
4.580e+02
4.590e+02
4.560e+02
4.560e+02
4.630e+02
4.520e+02
4.590e+02
4.620e+02
4.630e+02
4.610e+02
4.580e+02
4.570e+02
4.620e+02
4.660e+02
4.690e+02
4.680e+02
4.670e+02
4.710e+02
4.660e+02
4.640e+02
4.670e+02
4.650e+02
4.660e+02
4.670e+02
4.720e+02
4.700e+02
4.700e+02
4.660e+02
4.680e+02
4.680e+02
4.700e+02
4.700e+02
4.660e+02
4.650e+02
4.660e+02
4.670e+02
4.610e+02
4.560e+02
4.630e+02
4.640e+02
4.620e+02
4.640e+02
4.640e+02
4.640e+02
4.630e+02
4.640e+02
4.660e+02
4.550e+02
4.530e+02
4.520e+02
4.560e+02
4.560e+02
4.580e+02
4.580e+02
4.690e+02
4.650e+02
4.640e+02
4.650e+02
4.670e+02
4.650e+02
4.660e+02
4.600e+02
4.630e+02
4.670e+02
4.710e+02
4.710e+02
4.670e+02
4.660e+02
4.660e+02
4.670e+02
4.680e+02
4.660e+02
4.640e+02
4.620e+02
4.630e+02
4.650e+02
4.650e+02
4.650e+02
4.680e+02
4.640e+02
4.610e+02
4.580e+02
4.620e+02
4.600e+02
4.580e+02
4.610e+02
4.630e+02
4.600e+02
4.580e+02
4.570e+02
4.590e+02
4.600e+02
4.580e+02
4.590e+02
4.640e+02
4.620e+02
4.620e+02
4.620e+02
4.570e+02
4.620e+02
4.620e+02
4.610e+02
4.610e+02
4.590e+02
4.670e+02
4.630e+02
4.580e+02
4.580e+02
4.620e+02
4.640e+02
4.660e+02
4.660e+02
4.610e+02
4.590e+02
4.630e+02
4.630e+02
4.590e+02
4.560e+02
4.570e+02
4.650e+02
4.590e+02
4.630e+02
4.590e+02
4.550e+02
4.600e+02
4.560e+02
4.530e+02
4.610e+02
4.670e+02
4.660e+02
4.580e+02
4.630e+02
4.610e+02
4.570e+02
4.580e+02
4.640e+02
4.640e+02
4.600e+02
4.550e+02
4.560e+02
4.610e+02
4.580e+02
4.620e+02
4.620e+02
4.610e+02
4.650e+02
4.600e+02
4.590e+02
4.580e+02
4.600e+02
4.620e+02
4.630e+02
4.600e+02
4.640e+02
4.550e+02
4.610e+02
4.680e+02
4.630e+02
4.630e+02
4.610e+02
4.620e+02
4.610e+02
4.670e+02
4.650e+02
4.640e+02
4.710e+02
4.710e+02
4.680e+02
4.710e+02
4.690e+02
4.670e+02
4.640e+02
4.630e+02
4.640e+02
4.620e+02
4.620e+02
4.570e+02
4.550e+02
4.550e+02
4.530e+02
4.560e+02
4.550e+02
4.530e+02
4.510e+02
4.540e+02
4.580e+02
4.590e+02
4.600e+02
4.600e+02
4.600e+02
4.570e+02
4.590e+02
4.610e+02
4.640e+02
4.630e+02
4.600e+02
4.620e+02
4.590e+02
4.590e+02
4.550e+02
4.570e+02
4.610e+02
4.650e+02
4.640e+02
4.600e+02
4.630e+02
4.650e+02
4.610e+02
4.610e+02
4.640e+02
4.630e+02
4.600e+02
4.680e+02
4.610e+02
4.590e+02
4.590e+02
4.560e+02
4.600e+02
4.590e+02
4.610e+02
4.600e+02
4.590e+02
4.620e+02
4.630e+02
4.600e+02
4.590e+02
4.630e+02
4.560e+02
4.620e+02
4.610e+02
4.590e+02
4.540e+02
4.590e+02
4.610e+02
4.630e+02
4.610e+02
4.580e+02
4.630e+02
4.620e+02
4.660e+02
4.640e+02
4.580e+02
4.640e+02
4.590e+02
4.580e+02
4.650e+02
4.660e+02
4.570e+02
4.550e+02
4.580e+02
4.560e+02
4.550e+02
4.550e+02
4.580e+02
4.610e+02
4.600e+02
4.560e+02
4.540e+02
4.600e+02
4.560e+02
4.560e+02
4.560e+02
4.600e+02
4.590e+02
4.570e+02
4.580e+02
4.580e+02
4.570e+02
4.620e+02
4.560e+02
4.590e+02
4.540e+02
4.490e+02
4.550e+02
4.590e+02
4.590e+02
4.590e+02
4.580e+02
4.510e+02
4.540e+02
4.530e+02
4.570e+02
4.540e+02
4.540e+02
4.530e+02
4.580e+02
4.540e+02
4.560e+02
4.510e+02
4.490e+02
4.510e+02
4.550e+02
4.560e+02
4.550e+02
4.560e+02
4.530e+02
4.550e+02
4.580e+02
4.570e+02
4.500e+02
4.490e+02
4.560e+02
4.620e+02
4.590e+02
4.660e+02
4.670e+02
4.690e+02
4.630e+02
4.600e+02
4.590e+02
4.600e+02
4.640e+02
4.660e+02
4.700e+02
4.660e+02
4.670e+02
4.640e+02
4.650e+02
4.690e+02
4.660e+02
4.670e+02
4.640e+02
4.680e+02
4.670e+02
4.660e+02
4.680e+02
4.670e+02
4.660e+02
4.620e+02
4.630e+02
4.630e+02
4.630e+02
4.600e+02
4.610e+02
4.630e+02
4.620e+02
4.610e+02
4.580e+02
4.560e+02
4.520e+02
4.580e+02
4.600e+02
4.580e+02
4.600e+02
4.580e+02
4.630e+02
4.560e+02
4.510e+02
4.500e+02
4.580e+02
4.550e+02
4.550e+02
4.500e+02
4.590e+02
4.620e+02
4.650e+02
4.620e+02
4.640e+02
4.630e+02
4.680e+02
4.660e+02
4.600e+02
4.560e+02
4.650e+02
4.630e+02
4.630e+02
4.650e+02
4.660e+02
4.570e+02
4.590e+02
4.620e+02
4.620e+02
4.630e+02
4.650e+02
4.690e+02
4.680e+02
4.670e+02
4.630e+02
4.680e+02
4.650e+02
4.650e+02
4.660e+02
4.680e+02
4.700e+02
4.640e+02
4.620e+02
4.680e+02
4.680e+02
4.660e+02
4.640e+02
4.630e+02
4.620e+02
4.620e+02
4.620e+02
4.670e+02
4.650e+02
4.680e+02
4.610e+02
4.630e+02
4.610e+02
4.630e+02
4.590e+02
4.620e+02
4.650e+02
4.590e+02
4.590e+02
4.580e+02
4.600e+02
4.590e+02
4.580e+02
4.590e+02
4.560e+02
4.570e+02
4.580e+02
4.610e+02
4.620e+02
4.670e+02
4.630e+02
4.570e+02
4.570e+02
4.560e+02
4.570e+02
4.590e+02
4.570e+02
4.590e+02
4.610e+02
4.620e+02
4.630e+02
4.650e+02
4.610e+02
4.640e+02
4.580e+02
4.610e+02
4.640e+02
4.670e+02
4.630e+02
4.660e+02
4.640e+02
4.650e+02
4.620e+02
4.630e+02
4.640e+02
4.590e+02
4.630e+02
4.600e+02
4.600e+02
4.610e+02
4.560e+02
4.550e+02
4.540e+02
4.560e+02
4.570e+02
4.580e+02
4.570e+02
4.570e+02
4.600e+02
4.610e+02
4.610e+02
4.640e+02
4.640e+02
4.660e+02
4.630e+02
4.590e+02
4.680e+02
4.680e+02
4.630e+02
4.630e+02
4.660e+02
4.650e+02
4.680e+02
4.640e+02
4.660e+02
4.690e+02
4.650e+02
4.700e+02
4.720e+02
4.690e+02
4.700e+02
4.690e+02
4.650e+02
4.640e+02
4.610e+02
4.620e+02
4.570e+02
4.610e+02
4.610e+02
4.620e+02
4.630e+02
4.630e+02
4.650e+02
4.620e+02
4.650e+02
4.640e+02
4.630e+02
4.610e+02
4.640e+02
4.660e+02
4.650e+02
4.650e+02
4.610e+02
4.550e+02
4.540e+02
4.600e+02
4.630e+02
4.630e+02
4.650e+02
4.660e+02
4.620e+02
4.600e+02
4.640e+02
4.630e+02
4.650e+02
4.630e+02
4.660e+02
4.630e+02
4.610e+02
4.620e+02
4.620e+02
4.630e+02
4.600e+02
4.630e+02
4.640e+02
4.620e+02
4.630e+02
4.590e+02
4.610e+02
4.640e+02
4.650e+02
4.630e+02
4.570e+02
4.620e+02
4.590e+02
4.540e+02
4.570e+02
4.610e+02
4.600e+02
4.630e+02
4.640e+02
4.660e+02
4.640e+02
4.660e+02
4.640e+02
4.640e+02
4.690e+02
4.650e+02
4.600e+02
4.620e+02
4.580e+02
4.570e+02
4.560e+02
4.550e+02
4.520e+02
4.550e+02
4.580e+02
4.580e+02
4.560e+02
4.580e+02
4.600e+02
4.530e+02
4.520e+02
4.460e+02
4.550e+02
4.640e+02
4.620e+02
4.510e+02
4.550e+02
4.530e+02
4.500e+02
4.560e+02
4.530e+02
4.500e+02
4.550e+02
4.600e+02
4.540e+02
4.510e+02
4.530e+02
4.590e+02
4.600e+02
4.560e+02
4.540e+02
4.630e+02
4.570e+02
4.610e+02
4.590e+02
4.610e+02
4.670e+02
4.690e+02
4.670e+02
4.680e+02
4.650e+02
4.650e+02
4.590e+02
4.650e+02
4.640e+02
4.680e+02
4.630e+02
4.660e+02
4.690e+02
4.650e+02
4.630e+02
4.620e+02
4.650e+02
4.680e+02
4.640e+02
4.590e+02
4.570e+02
4.600e+02
4.590e+02
4.620e+02
4.600e+02
4.650e+02
4.660e+02
4.640e+02
4.620e+02
4.550e+02
4.600e+02
4.620e+02
4.610e+02
4.630e+02
4.630e+02
4.660e+02
4.650e+02
4.630e+02
4.610e+02
4.710e+02
4.730e+02
4.640e+02
4.610e+02
4.690e+02
4.670e+02
4.620e+02
4.620e+02
4.620e+02
4.640e+02
4.650e+02
4.580e+02
4.550e+02
4.630e+02
4.620e+02
4.640e+02
4.630e+02
4.630e+02
4.610e+02
4.620e+02
4.630e+02
4.650e+02
4.610e+02
4.600e+02
4.620e+02
4.580e+02
4.560e+02
4.590e+02
4.580e+02
4.590e+02
4.580e+02
4.600e+02
4.650e+02
4.630e+02
4.610e+02
4.650e+02
4.620e+02
4.640e+02
4.620e+02
4.610e+02
4.610e+02
4.610e+02
4.610e+02
4.630e+02
4.610e+02
4.620e+02
4.590e+02
4.600e+02
4.600e+02
4.640e+02
4.580e+02
4.540e+02
4.600e+02
4.560e+02
4.570e+02
4.610e+02
4.610e+02
4.610e+02
4.640e+02
4.640e+02
4.600e+02
4.650e+02
4.640e+02
4.630e+02
4.590e+02
4.560e+02
4.600e+02
4.510e+02
4.500e+02
4.540e+02
4.580e+02
4.540e+02
4.520e+02
4.580e+02
4.620e+02
4.610e+02
4.620e+02
4.610e+02
4.620e+02
4.610e+02
4.620e+02
4.610e+02
4.630e+02
4.620e+02
4.580e+02
4.560e+02
4.620e+02
4.670e+02
4.620e+02
4.640e+02
4.650e+02
4.680e+02
4.690e+02
4.650e+02
4.670e+02
4.660e+02
4.630e+02
4.650e+02
4.620e+02
4.620e+02
4.580e+02
4.610e+02
4.580e+02
4.590e+02
4.650e+02
4.620e+02
4.590e+02
4.600e+02
4.600e+02
4.630e+02
4.690e+02
4.680e+02
4.650e+02
4.620e+02
4.620e+02
4.670e+02
4.670e+02
4.720e+02
4.740e+02
4.730e+02
4.690e+02
4.680e+02
4.680e+02
4.530e+02
4.530e+02
4.520e+02
4.550e+02
4.520e+02
4.530e+02
4.540e+02
4.520e+02
4.490e+02
4.490e+02
4.580e+02
4.610e+02
4.600e+02
4.590e+02
4.600e+02
4.590e+02
4.590e+02
4.570e+02
4.610e+02
4.570e+02
4.590e+02
4.630e+02
4.650e+02
4.680e+02
4.700e+02
4.670e+02
4.670e+02
4.640e+02
4.630e+02
4.660e+02
4.630e+02
4.690e+02
4.650e+02
4.640e+02
4.710e+02
4.670e+02
4.690e+02
4.680e+02
4.660e+02
4.670e+02
4.650e+02
4.640e+02
4.700e+02
4.710e+02
4.680e+02
4.670e+02
4.610e+02
4.630e+02
4.580e+02
4.560e+02
4.630e+02
4.590e+02
4.610e+02
4.660e+02
4.610e+02
4.640e+02
4.620e+02
4.680e+02
4.640e+02
4.620e+02
4.670e+02
4.680e+02
4.650e+02
4.670e+02
4.630e+02
4.620e+02
4.660e+02
4.670e+02
4.680e+02
4.670e+02
4.640e+02
4.610e+02
4.570e+02
4.610e+02
4.600e+02
4.530e+02
4.610e+02
4.630e+02
4.640e+02
4.570e+02
4.600e+02
4.590e+02
4.530e+02
4.570e+02
4.580e+02
4.590e+02
4.570e+02
4.610e+02
4.660e+02
4.680e+02
4.630e+02
4.590e+02
4.610e+02
4.590e+02
4.620e+02
4.590e+02
4.660e+02
4.570e+02
4.640e+02
4.620e+02
