# Fix print output for fix saveBond
301000000 357 355
302000000 706 705
303000000 1116 1116
304000000 1475 1476
305000000 1866 1870
306000000 2249 2250
307000000 2614 2612
308000000 2995 2993
309000000 3361 3361
310000000 3737 3735
311000000 4089 4085
312000000 4454 4457
313000000 4816 4820
314000000 5164 5174
315000000 5577 5578
316000000 5952 5944
317000000 6329 6323
318000000 6709 6714
319000000 7132 7133
320000000 7507 7510
321000000 7875 7881
322000000 8251 8251
323000000 8635 8638
324000000 8997 9003
325000000 9362 9363
326000000 9708 9704
327000000 10054 10056
328000000 10423 10428
329000000 10808 10811
330000000 11157 11154
331000000 11514 11510
332000000 11946 11946
333000000 12340 12342
334000000 12725 12718
335000000 13059 13058
336000000 13409 13404
337000000 13775 13772
338000000 14140 14135
339000000 14527 14516
340000000 14921 14908
341000000 15308 15297
342000000 15684 15672
343000000 16044 16035
344000000 16426 16417
345000000 16808 16805
346000000 17215 17206
347000000 17552 17544
348000000 17924 17912
349000000 18261 18254
350000000 18635 18625
351000000 18992 18979
352000000 19388 19379
353000000 19753 19746
354000000 20129 20123
355000000 20502 20493
356000000 20912 20900
357000000 21330 21322
358000000 21729 21726
359000000 22073 22072
360000000 22480 22476
361000000 22828 22825
362000000 23186 23180
363000000 23569 23565
364000000 23944 23935
365000000 24305 24295
366000000 24664 24656
367000000 25060 25054
368000000 25435 25436
369000000 25791 25787
370000000 26149 26143
371000000 26529 26524
372000000 26901 26894
373000000 27260 27253
374000000 27675 27665
375000000 28031 28022
376000000 28415 28408
377000000 28787 28782
378000000 29153 29138
379000000 29526 29509
380000000 29913 29905
381000000 30305 30300
382000000 30718 30705
383000000 31068 31057
384000000 31480 31474
385000000 31841 31835
386000000 32203 32197
387000000 32601 32593
388000000 32963 32954
389000000 33365 33363
390000000 33725 33726
391000000 34104 34097
392000000 34475 34469
393000000 34849 34841
394000000 35234 35227
395000000 35600 35593
396000000 35989 35984
397000000 36392 36386
398000000 36742 36735
399000000 37118 37109
400000000 37495 37490
