# Fix print output for fix saveBond
301000000 374 370
302000000 764 758
303000000 1166 1164
304000000 1545 1545
305000000 1917 1914
306000000 2291 2289
307000000 2707 2704
308000000 3068 3066
309000000 3426 3422
310000000 3786 3777
311000000 4177 4170
312000000 4544 4539
313000000 4932 4923
314000000 5323 5317
315000000 5694 5686
316000000 6063 6057
317000000 6455 6450
318000000 6873 6868
319000000 7230 7225
320000000 7595 7590
321000000 7975 7968
322000000 8365 8360
323000000 8705 8699
324000000 9064 9061
325000000 9445 9441
326000000 9855 9851
327000000 10232 10224
328000000 10591 10589
329000000 10967 10969
330000000 11349 11345
331000000 11692 11692
332000000 12061 12060
333000000 12456 12451
334000000 12821 12816
335000000 13221 13216
336000000 13615 13607
337000000 14001 13993
338000000 14374 14370
339000000 14733 14724
340000000 15094 15086
341000000 15429 15422
342000000 15808 15805
343000000 16133 16133
344000000 16486 16482
345000000 16869 16874
346000000 17201 17207
347000000 17559 17561
348000000 17961 17959
349000000 18310 18312
350000000 18683 18687
351000000 19068 19066
352000000 19424 19418
353000000 19834 19829
354000000 20240 20234
355000000 20620 20615
356000000 20987 20981
357000000 21341 21336
358000000 21725 21719
359000000 22070 22065
360000000 22498 22491
361000000 22870 22864
362000000 23239 23237
363000000 23608 23608
364000000 23963 23957
365000000 24335 24324
366000000 24730 24724
367000000 25066 25058
368000000 25436 25427
369000000 25822 25810
370000000 26203 26190
371000000 26625 26616
372000000 27023 27012
373000000 27387 27377
374000000 27754 27747
375000000 28153 28144
376000000 28560 28554
377000000 28899 28893
378000000 29262 29260
379000000 29584 29579
380000000 29962 29960
381000000 30337 30334
382000000 30718 30709
383000000 31073 31067
384000000 31449 31446
385000000 31849 31845
386000000 32242 32238
387000000 32625 32618
388000000 33013 33000
389000000 33445 33433
390000000 33837 33828
391000000 34209 34203
392000000 34617 34611
393000000 35011 35000
394000000 35398 35387
395000000 35805 35789
396000000 36183 36165
397000000 36582 36565
398000000 36971 36958
399000000 37353 37341
400000000 37760 37748
