# Fix print output for fix saveBond
301000000 343 346
302000000 722 725
303000000 1094 1098
304000000 1456 1457
305000000 1796 1800
306000000 2177 2180
307000000 2569 2571
308000000 2933 2937
309000000 3309 3316
310000000 3705 3712
311000000 4059 4057
312000000 4427 4422
313000000 4791 4787
314000000 5163 5160
315000000 5527 5523
316000000 5906 5903
317000000 6286 6283
318000000 6672 6671
319000000 7057 7052
320000000 7440 7439
321000000 7828 7825
322000000 8224 8217
323000000 8605 8596
324000000 8996 8984
325000000 9395 9381
326000000 9764 9753
327000000 10122 10111
328000000 10515 10507
329000000 10905 10898
330000000 11317 11307
331000000 11728 11721
332000000 12103 12090
333000000 12490 12481
334000000 12906 12898
335000000 13337 13322
336000000 13759 13748
337000000 14141 14128
338000000 14534 14522
339000000 14941 14931
340000000 15327 15316
341000000 15714 15705
342000000 16103 16095
343000000 16482 16468
344000000 16858 16843
345000000 17217 17205
346000000 17604 17593
347000000 17981 17976
348000000 18365 18358
349000000 18734 18732
350000000 19104 19104
351000000 19478 19471
352000000 19829 19826
353000000 20212 20207
354000000 20594 20584
355000000 20962 20957
356000000 21332 21324
357000000 21713 21707
358000000 22091 22079
359000000 22439 22431
360000000 22812 22806
361000000 23154 23143
362000000 23520 23508
363000000 23868 23859
364000000 24289 24278
365000000 24690 24683
366000000 25058 25052
367000000 25421 25411
368000000 25802 25791
369000000 26188 26176
370000000 26584 26573
371000000 26955 26947
372000000 27353 27348
373000000 27728 27727
374000000 28084 28079
375000000 28443 28439
376000000 28822 28825
377000000 29224 29219
378000000 29607 29600
379000000 30004 29996
380000000 30376 30375
381000000 30777 30773
382000000 31110 31107
383000000 31456 31459
384000000 31843 31842
385000000 32261 32259
386000000 32634 32631
387000000 33047 33046
388000000 33449 33444
389000000 33844 33834
390000000 34171 34159
391000000 34516 34509
392000000 34906 34903
393000000 35265 35260
394000000 35651 35648
395000000 36034 36028
396000000 36393 36390
397000000 36781 36771
398000000 37177 37176
399000000 37538 37530
400000000 37960 37954
