# Fix print output for fix saveBond
301000000 363 363
302000000 735 736
303000000 1143 1145
304000000 1508 1508
305000000 1903 1902
306000000 2254 2252
307000000 2609 2608
308000000 2973 2972
309000000 3323 3319
310000000 3696 3691
311000000 4093 4088
312000000 4462 4454
313000000 4868 4860
314000000 5265 5255
315000000 5698 5691
316000000 6103 6100
317000000 6452 6440
318000000 6817 6805
319000000 7183 7176
320000000 7557 7550
321000000 7937 7927
322000000 8304 8295
323000000 8718 8706
324000000 9123 9115
325000000 9483 9473
326000000 9842 9829
327000000 10242 10233
328000000 10619 10605
329000000 11004 10988
330000000 11378 11365
331000000 11777 11763
332000000 12152 12139
333000000 12526 12517
334000000 12921 12913
335000000 13296 13291
336000000 13681 13675
337000000 14072 14071
338000000 14415 14410
339000000 14804 14799
340000000 15193 15187
341000000 15564 15557
342000000 15939 15932
343000000 16336 16327
344000000 16711 16705
345000000 17098 17089
346000000 17465 17457
347000000 17859 17852
348000000 18203 18198
349000000 18585 18577
350000000 18956 18946
351000000 19342 19333
352000000 19734 19725
353000000 20120 20115
354000000 20490 20491
355000000 20864 20866
356000000 21264 21260
357000000 21608 21601
358000000 21966 21959
359000000 22374 22365
360000000 22738 22728
361000000 23120 23114
362000000 23526 23522
363000000 23915 23907
364000000 24269 24262
365000000 24642 24633
366000000 25050 25043
367000000 25395 25385
368000000 25793 25786
369000000 26165 26160
370000000 26545 26539
371000000 26896 26890
372000000 27278 27271
373000000 27674 27670
374000000 28050 28043
375000000 28429 28421
376000000 28820 28814
377000000 29172 29165
378000000 29545 29542
379000000 29962 29957
380000000 30355 30347
381000000 30719 30710
382000000 31109 31102
383000000 31476 31475
384000000 31881 31875
385000000 32242 32239
386000000 32601 32603
387000000 33001 33000
388000000 33369 33364
389000000 33755 33751
390000000 34123 34116
391000000 34473 34465
392000000 34903 34893
393000000 35257 35249
394000000 35635 35625
395000000 36021 36013
396000000 36386 36378
397000000 36806 36793
398000000 37194 37185
399000000 37558 37554
400000000 37946 37940
