# Fix print output for fix saveBond
301000000 393 390
302000000 761 759
303000000 1149 1145
304000000 1526 1520
305000000 1888 1881
306000000 2265 2261
307000000 2645 2637
308000000 3008 3009
309000000 3373 3368
310000000 3769 3757
311000000 4163 4156
312000000 4538 4531
313000000 4917 4912
314000000 5280 5274
315000000 5645 5640
316000000 6019 6008
317000000 6395 6386
318000000 6777 6769
319000000 7197 7182
320000000 7591 7576
321000000 7958 7946
322000000 8324 8309
323000000 8707 8694
324000000 9095 9084
325000000 9479 9471
326000000 9843 9836
327000000 10213 10205
328000000 10583 10577
329000000 10962 10956
330000000 11357 11356
331000000 11738 11739
332000000 12108 12109
333000000 12482 12485
334000000 12892 12892
335000000 13259 13260
336000000 13647 13650
337000000 14016 14021
338000000 14393 14395
339000000 14772 14770
340000000 15159 15156
341000000 15554 15550
342000000 15951 15947
343000000 16343 16339
344000000 16737 16736
345000000 17090 17087
346000000 17465 17460
347000000 17852 17844
348000000 18227 18220
349000000 18643 18639
350000000 19050 19044
351000000 19414 19411
352000000 19767 19764
353000000 20125 20126
354000000 20473 20472
355000000 20815 20810
356000000 21175 21166
357000000 21545 21537
358000000 21921 21917
359000000 22314 22307
360000000 22682 22673
361000000 23076 23071
362000000 23429 23424
363000000 23818 23810
364000000 24194 24187
365000000 24588 24584
366000000 24945 24933
367000000 25323 25318
368000000 25712 25709
369000000 26086 26083
370000000 26468 26468
371000000 26848 26844
372000000 27230 27227
373000000 27596 27591
374000000 27980 27976
375000000 28397 28394
376000000 28797 28791
377000000 29155 29148
378000000 29506 29502
379000000 29903 29900
380000000 30264 30257
381000000 30639 30639
382000000 31029 31023
383000000 31401 31396
384000000 31812 31809
385000000 32151 32153
386000000 32576 32573
387000000 32965 32960
388000000 33349 33342
389000000 33726 33721
390000000 34086 34084
391000000 34464 34457
392000000 34806 34800
393000000 35146 35136
394000000 35519 35511
395000000 35852 35850
396000000 36211 36203
397000000 36598 36595
398000000 36989 36987
399000000 37390 37381
400000000 37765 37755
