# Fix print output for fix saveBond
301000000 376 377
302000000 727 730
303000000 1065 1069
304000000 1434 1434
305000000 1807 1807
306000000 2183 2181
307000000 2535 2533
308000000 2932 2919
309000000 3296 3287
310000000 3663 3655
311000000 4049 4040
312000000 4458 4447
313000000 4860 4851
314000000 5230 5220
315000000 5596 5592
316000000 5967 5960
317000000 6363 6352
318000000 6703 6688
319000000 7110 7095
320000000 7474 7463
321000000 7892 7882
322000000 8258 8248
323000000 8638 8627
324000000 9033 9021
325000000 9407 9397
326000000 9784 9776
327000000 10159 10153
328000000 10528 10521
329000000 10895 10886
330000000 11277 11268
331000000 11691 11682
332000000 12087 12075
333000000 12480 12472
334000000 12854 12849
335000000 13237 13235
336000000 13592 13586
337000000 13957 13953
338000000 14328 14326
339000000 14719 14714
340000000 15077 15070
341000000 15465 15461
342000000 15843 15841
343000000 16215 16214
344000000 16614 16611
345000000 17015 17011
346000000 17397 17395
347000000 17772 17769
348000000 18149 18141
349000000 18547 18541
350000000 18916 18910
351000000 19276 19270
352000000 19688 19687
353000000 20054 20048
354000000 20446 20440
355000000 20810 20805
356000000 21200 21195
357000000 21561 21558
358000000 21992 21981
359000000 22366 22359
360000000 22765 22763
361000000 23161 23159
362000000 23516 23510
363000000 23911 23903
364000000 24296 24286
365000000 24669 24659
366000000 25020 25015
367000000 25420 25417
368000000 25772 25765
369000000 26136 26129
370000000 26500 26497
371000000 26880 26880
372000000 27262 27261
373000000 27657 27648
374000000 28000 27997
375000000 28412 28405
376000000 28803 28800
377000000 29168 29169
378000000 29565 29561
379000000 29932 29932
380000000 30296 30299
381000000 30720 30715
382000000 31137 31126
383000000 31497 31487
384000000 31854 31852
385000000 32195 32188
386000000 32566 32561
387000000 32896 32895
388000000 33275 33273
389000000 33653 33645
390000000 34014 34006
391000000 34388 34384
392000000 34779 34780
393000000 35163 35163
394000000 35543 35538
395000000 35909 35907
396000000 36316 36310
397000000 36704 36698
398000000 37114 37109
399000000 37491 37482
400000000 37848 37844
