# Fix print output for fix saveBond
301000000 360 357
302000000 752 746
303000000 1157 1152
304000000 1550 1545
305000000 1925 1927
306000000 2311 2310
307000000 2688 2686
308000000 3071 3070
309000000 3465 3464
310000000 3846 3842
311000000 4255 4254
312000000 4615 4609
313000000 5015 5006
314000000 5411 5407
315000000 5781 5780
316000000 6155 6154
317000000 6551 6547
318000000 6969 6962
319000000 7354 7348
320000000 7719 7719
321000000 8096 8095
322000000 8465 8461
323000000 8837 8834
324000000 9197 9199
325000000 9621 9615
326000000 10006 10004
327000000 10382 10382
328000000 10770 10762
329000000 11153 11146
330000000 11533 11528
331000000 11897 11891
332000000 12277 12265
333000000 12646 12643
334000000 13002 12996
335000000 13407 13396
336000000 13773 13764
337000000 14179 14167
338000000 14539 14526
339000000 14912 14903
340000000 15276 15269
341000000 15686 15679
342000000 16091 16085
343000000 16495 16491
344000000 16848 16846
345000000 17232 17226
346000000 17594 17584
347000000 17985 17978
348000000 18390 18385
349000000 18729 18723
350000000 19092 19091
351000000 19454 19459
352000000 19836 19837
353000000 20219 20220
354000000 20617 20615
355000000 21006 21002
356000000 21405 21396
357000000 21784 21775
358000000 22155 22151
359000000 22556 22556
360000000 22938 22932
361000000 23360 23355
362000000 23729 23722
363000000 24133 24124
364000000 24519 24516
365000000 24870 24865
366000000 25231 25231
367000000 25624 25618
368000000 25982 25982
369000000 26317 26321
370000000 26660 26661
371000000 27076 27078
372000000 27438 27430
373000000 27801 27797
374000000 28191 28192
375000000 28557 28552
376000000 28899 28894
377000000 29324 29316
378000000 29730 29726
379000000 30115 30111
380000000 30466 30464
381000000 30832 30829
382000000 31207 31209
383000000 31587 31588
384000000 31957 31957
385000000 32320 32320
386000000 32710 32709
387000000 33084 33086
388000000 33441 33447
389000000 33830 33832
390000000 34169 34173
391000000 34529 34529
392000000 34916 34914
393000000 35298 35300
394000000 35654 35648
395000000 36022 36014
396000000 36408 36395
397000000 36806 36794
398000000 37183 37174
399000000 37570 37559
400000000 37910 37901
