# Fix print output for fix saveBond
301000000 375 380
302000000 709 715
303000000 1093 1091
304000000 1460 1461
305000000 1830 1831
306000000 2174 2180
307000000 2558 2555
308000000 2966 2960
309000000 3320 3311
310000000 3700 3694
311000000 4047 4039
312000000 4433 4426
313000000 4826 4814
314000000 5187 5177
315000000 5556 5552
316000000 5911 5911
317000000 6304 6295
318000000 6726 6719
319000000 7086 7079
320000000 7452 7443
321000000 7854 7844
322000000 8215 8214
323000000 8594 8591
324000000 8973 8967
325000000 9376 9370
326000000 9785 9778
327000000 10158 10149
328000000 10529 10516
329000000 10906 10894
330000000 11303 11292
331000000 11684 11677
332000000 12071 12059
333000000 12467 12458
334000000 12851 12842
335000000 13226 13216
336000000 13608 13596
337000000 14004 13990
338000000 14390 14382
339000000 14798 14792
340000000 15166 15154
341000000 15568 15556
342000000 15904 15894
343000000 16274 16266
344000000 16618 16611
345000000 16973 16967
346000000 17394 17388
347000000 17772 17766
348000000 18155 18144
349000000 18562 18553
350000000 18947 18935
351000000 19301 19296
352000000 19679 19672
353000000 20050 20045
354000000 20430 20423
355000000 20823 20820
356000000 21209 21203
357000000 21576 21567
358000000 21958 21955
359000000 22332 22329
360000000 22695 22693
361000000 23092 23088
362000000 23470 23467
363000000 23840 23838
364000000 24252 24249
365000000 24649 24649
366000000 25014 25013
367000000 25399 25397
368000000 25767 25762
369000000 26158 26152
370000000 26535 26524
371000000 26897 26890
372000000 27280 27279
373000000 27660 27659
374000000 28006 28006
375000000 28357 28356
376000000 28743 28740
377000000 29131 29130
378000000 29502 29499
379000000 29846 29841
380000000 30234 30228
381000000 30614 30607
382000000 31019 31010
383000000 31389 31384
384000000 31779 31771
385000000 32169 32167
386000000 32514 32509
387000000 32858 32850
388000000 33208 33197
389000000 33565 33558
390000000 33920 33910
391000000 34320 34312
392000000 34714 34705
393000000 35111 35105
394000000 35480 35473
395000000 35834 35826
396000000 36192 36189
397000000 36589 36582
398000000 36977 36973
399000000 37346 37342
400000000 37747 37742
